DATE	GE	NEP	FAN	ENPH	FSLR	FTEK	RUN	PZD	FCEL	TSLA
18/12/2015	25.91	23.88	9.64	3.01	63.41	1.84	13.74	27.83	66.60	46.09
21/12/2015	26.01	24.26	9.64	3.59	65.74	1.83	13.40	27.89	67.56	46.51
22/12/2015	26.09	25.08	9.80	3.54	64.99	1.82	11.60	28.26	65.88	45.99
23/12/2015	26.48	24.53	9.93	3.68	66.17	1.83	11.88	28.60	66.12	45.94
24/12/2015	26.38	24.13	9.93	3.62	66.92	1.82	12.19	28.79	65.76	46.11
28/12/2015	26.44	24.04	9.90	3.59	66.40	1.78	11.67	28.49	63.24	45.79
29/12/2015	26.76	24.35	9.95	3.46	66.41	1.78	11.70	28.87	62.76	47.44
30/12/2015	26.57	24.23	9.88	3.50	66.99	1.78	11.72	28.64	61.56	47.62
31/12/2015	26.65	24.26	9.79	3.51	65.99	1.89	11.77	28.39	59.52	48.00
04/01/2016	26.28	23.75	9.68	3.49	66.72	1.80	11.21	27.90	66.96	44.68
05/01/2016	26.30	23.25	9.69	3.35	72.03	1.98	9.61	27.86	70.56	44.69
06/01/2016	25.88	22.98	9.53	3.16	69.52	1.77	10.20	27.31	74.04	43.81
07/01/2016	24.79	22.03	9.42	3.00	66.22	1.84	9.21	26.49	63.84	43.13
08/01/2016	24.34	22.82	9.30	2.99	65.62	1.81	9.75	26.29	73.92	42.20
11/01/2016	24.45	23.20	9.21	2.80	65.42	1.81	9.31	25.92	70.56	41.57
12/01/2016	24.51	23.29	9.21	2.71	65.22	1.79	8.67	26.25	66.00	41.99
13/01/2016	24.16	21.11	9.09	2.50	61.37	1.75	8.25	25.42	62.40	40.06
14/01/2016	24.86	22.70	9.27	2.35	61.78	1.78	8.00	25.64	61.44	41.24
15/01/2016	24.38	21.68	8.81	2.19	61.32	1.65	7.75	24.89	59.16	41.00
19/01/2016	24.38	21.40	8.90	2.19	61.49	1.66	7.40	25.09	59.40	40.94
20/01/2016	23.96	20.75	8.75	2.04	61.27	1.77	8.54	24.80	59.04	39.74
21/01/2016	24.46	20.22	8.68	2.46	63.23	1.81	8.97	24.99	60.24	39.99
22/01/2016	24.16	20.99	8.92	2.36	66.44	1.91	8.79	25.41	63.60	40.51
25/01/2016	23.99	20.41	8.86	2.31	64.14	1.77	8.41	25.00	60.60	39.28
26/01/2016	24.22	21.54	9.02	2.34	67.40	1.80	8.73	25.56	62.64	38.71
27/01/2016	23.96	21.33	9.01	2.26	65.64	1.72	8.34	25.37	62.76	37.61
28/01/2016	24.14	21.20	9.08	2.31	65.88	1.74	10.05	25.38	62.52	37.94
29/01/2016	24.90	21.93	9.33	2.43	68.66	1.79	9.52	25.97	63.96	38.24
01/02/2016	24.51	22.14	9.32	2.39	69.13	1.80	8.94	26.00	63.36	39.39
02/02/2016	24.16	21.66	9.12	2.21	66.13	1.78	8.34	25.41	60.72	36.56
03/02/2016	24.53	23.72	9.24	2.31	66.49	1.81	8.10	25.81	61.08	34.70
04/02/2016	24.97	24.01	9.24	2.31	67.20	1.76	8.05	26.17	62.28	35.07
05/02/2016	24.42	23.97	9.12	2.13	65.07	1.76	7.96	25.70	60.84	32.52
08/02/2016	24.10	23.87	8.76	2.09	64.18	1.63	7.60	25.04	59.16	29.60
09/02/2016	24.20	22.34	8.85	1.94	66.48	1.56	7.20	25.30	57.72	29.65
10/02/2016	24.21	21.38	8.81	1.90	64.41	1.60	6.07	25.31	57.36	28.73
11/02/2016	23.49	20.46	8.65	1.83	61.36	1.67	5.08	25.14	56.40	30.09
12/02/2016	24.18	21.63	8.66	1.95	60.99	1.57	5.04	25.18	57.36	30.21
16/02/2016	24.69	22.36	8.99	2.13	63.05	1.59	4.96	25.96	59.76	31.03
17/02/2016	25.10	22.21	9.06	2.24	63.47	1.65	5.33	26.72	62.04	33.74
18/02/2016	24.88	22.77	8.98	2.10	63.54	1.53	5.63	26.61	62.04	33.35
19/02/2016	24.83	22.52	8.98	2.14	62.76	1.55	5.41	26.50	59.64	33.32
22/02/2016	25.16	23.13	9.04	2.21	64.23	1.55	5.06	26.84	61.68	35.55
23/02/2016	25.00	21.24	8.93	2.35	61.79	1.52	5.16	26.63	59.16	35.44
24/02/2016	24.78	21.27	8.88	1.98	69.45	1.50	5.06	26.42	61.44	35.80
25/02/2016	25.21	21.34	9.00	1.96	72.25	1.50	5.30	26.72	60.24	37.49
26/02/2016	25.36	21.33	8.90	1.92	70.25	1.57	5.51	26.85	64.08	38.07
29/02/2016	25.13	21.33	9.00	2.33	71.87	1.55	5.62	26.96	68.52	38.39
01/03/2016	25.77	21.44	9.07	2.44	69.02	1.56	5.47	27.62	67.56	37.27
02/03/2016	26.03	21.29	9.14	2.61	69.14	1.57	6.10	27.50	72.24	37.67
03/03/2016	26.06	21.05	9.30	3.33	69.71	1.62	6.40	27.74	77.40	39.15
04/03/2016	26.27	20.59	9.47	3.05	69.52	1.59	6.21	27.96	76.68	40.21
07/03/2016	26.12	21.18	9.45	3.30	69.18	1.64	6.60	28.01	81.60	41.06
08/03/2016	25.93	21.06	9.35	2.92	66.87	1.69	6.68	27.65	76.92	40.52
09/03/2016	25.92	21.55	9.27	3.11	68.49	1.84	6.65	27.79	84.84	41.74
10/03/2016	25.82	21.54	9.44	2.94	69.25	1.84	7.15	27.62	74.52	41.04
11/03/2016	26.17	21.29	9.56	2.94	70.32	1.72	6.36	28.12	76.32	41.50
14/03/2016	26.11	21.29	9.61	2.82	70.89	1.74	6.36	28.12	86.88	43.03
15/03/2016	26.12	21.46	9.61	2.67	70.78	1.75	6.31	27.98	84.84	43.67
16/03/2016	26.02	21.69	9.68	2.56	72.06	1.78	6.63	28.28	86.40	44.39
17/03/2016	26.70	21.28	9.81	2.70	73.21	1.82	6.90	28.81	92.64	45.28
18/03/2016	26.67	21.42	9.84	2.63	72.44	1.73	6.69	28.83	95.88	46.55
21/03/2016	26.81	21.39	9.91	2.54	71.24	1.74	6.72	28.72	90.60	47.66
22/03/2016	26.79	21.53	9.92	2.46	71.29	1.75	6.57	28.71	89.52	46.85
23/03/2016	26.80	21.40	9.72	2.26	68.23	1.75	6.36	28.47	82.20	44.52
24/03/2016	26.83	21.98	9.59	2.21	68.46	1.81	6.24	28.17	83.28	45.55
28/03/2016	27.16	22.01	9.66	2.13	68.40	1.80	6.47	28.42	81.24	46.05
29/03/2016	27.15	22.20	9.94	2.14	69.30	1.80	6.40	28.90	83.88	46.03
30/03/2016	27.45	22.28	9.99	2.29	68.97	1.85	6.47	29.16	80.64	45.38
31/03/2016	27.42	22.35	10.07	2.33	68.47	1.75	6.48	29.11	81.24	45.95
01/04/2016	27.54	22.18	10.13	2.39	67.48	1.73	6.44	28.83	78.72	47.52
04/04/2016	26.94	21.70	9.99	2.57	67.24	1.75	6.30	28.78	78.84	49.40
05/04/2016	26.72	21.47	9.87	2.59	62.42	1.79	6.57	28.41	78.60	51.09
06/04/2016	26.65	21.38	9.89	2.58	62.76	1.69	6.97	28.48	79.68	53.08
07/04/2016	26.42	21.59	9.74	2.45	61.26	1.66	6.78	28.13	77.28	51.44
08/04/2016	26.56	21.88	9.92	2.31	60.63	1.60	6.75	28.41	77.40	50.01
11/04/2016	26.49	21.69	9.94	2.32	59.96	1.62	6.74	28.64	80.52	49.98
12/04/2016	26.57	21.57	10.05	2.39	60.34	1.62	6.74	28.36	85.32	49.56
13/04/2016	26.72	21.86	10.18	2.56	61.65	1.61	6.87	28.90	87.00	50.91
14/04/2016	26.75	21.90	10.21	2.71	60.42	1.67	7.15	28.97	85.32	50.37
15/04/2016	26.76	22.06	10.14	2.57	59.59	1.65	7.04	28.57	83.52	50.90
18/04/2016	26.79	22.10	10.21	2.63	60.36	1.70	7.09	28.64	83.52	50.78
19/04/2016	26.87	21.99	10.35	2.53	60.52	1.70	7.02	29.37	81.84	49.47
20/04/2016	26.87	21.63	10.25	2.54	61.72	1.75	7.27	29.12	81.36	49.99
21/04/2016	26.72	22.58	10.12	2.49	61.94	1.71	7.76	29.37	80.76	49.66
22/04/2016	26.53	23.11	10.14	2.57	61.54	1.71	7.91	29.40	81.84	50.75
25/04/2016	26.46	23.11	10.16	2.50	60.39	1.72	7.60	29.04	78.96	50.36
26/04/2016	26.65	23.36	10.22	2.64	61.24	1.70	7.70	29.61	79.68	50.75
27/04/2016	26.68	23.95	10.31	2.68	62.03	1.70	8.39	29.92	78.36	50.29
28/04/2016	26.65	24.07	10.17	2.58	57.02	1.73	8.02	29.71	76.20	49.54
29/04/2016	26.52	23.75	10.34	2.51	55.84	1.73	7.88	29.05	71.52	48.15
02/05/2016	26.64	23.50	10.41	2.56	54.85	1.70	7.97	29.48	72.96	48.36
03/05/2016	26.42	22.81	10.16	2.46	52.85	1.65	7.59	28.86	68.16	46.46
04/05/2016	25.94	23.29	10.14	2.10	51.78	1.70	7.47	28.64	66.96	44.51
05/05/2016	25.78	23.20	10.12	2.08	51.96	1.68	7.27	28.74	70.68	42.31
06/05/2016	25.98	23.73	10.21	1.92	51.80	1.65	7.50	28.64	68.28	42.99
09/05/2016	25.76	24.09	10.20	1.93	50.60	1.66	7.39	28.49	67.92	41.78
10/05/2016	26.29	24.46	10.27	1.94	51.27	1.62	6.37	28.93	71.52	41.74
11/05/2016	26.17	24.14	10.28	1.90	50.74	1.65	6.37	28.97	70.08	41.79
12/05/2016	25.95	24.30	10.25	1.80	49.09	1.60	6.15	28.86	70.32	41.46
13/05/2016	25.56	24.16	10.12	1.77	48.56	1.59	6.61	28.83	71.76	41.52
16/05/2016	25.84	24.12	10.19	1.81	49.07	1.56	6.35	28.97	74.52	41.66
17/05/2016	25.62	23.69	10.14	1.79	48.51	1.57	6.02	28.79	75.48	40.93
18/05/2016	25.54	23.39	10.09	1.85	48.71	1.60	6.04	28.66	73.08	42.23
19/05/2016	25.32	23.51	10.03	1.84	47.09	1.57	6.08	28.60	71.52	43.04
20/05/2016	25.50	23.58	10.15	1.85	48.02	1.56	6.11	28.75	74.16	44.06
23/05/2016	25.43	23.29	10.13	1.98	49.04	1.56	6.35	28.87	73.80	43.24
24/05/2016	25.75	23.25	10.32	1.94	50.46	1.57	6.34	29.54	73.68	43.58
25/05/2016	25.95	23.00	10.35	2.05	50.56	1.52	6.29	29.69	77.04	43.92
26/05/2016	25.89	23.66	10.49	2.01	49.73	1.48	6.36	29.73	76.92	45.02
27/05/2016	25.98	23.54	10.48	2.11	49.90	1.57	6.41	29.86	81.48	44.61
31/05/2016	26.07	23.73	10.57	2.09	49.65	1.58	6.34	29.70	91.80	44.65
01/06/2016	25.97	23.83	10.68	2.09	50.07	1.58	6.24	29.89	96.00	43.91
02/06/2016	25.92	23.86	10.68	2.09	49.84	1.55	6.31	30.11	98.76	43.79
03/06/2016	25.82	24.04	10.81	2.01	49.25	1.57	6.07	30.23	98.64	43.80
06/06/2016	25.98	24.08	10.93	2.29	50.15	1.57	6.44	30.46	103.32	44.14
07/06/2016	26.00	24.10	11.07	2.23	50.55	1.58	6.43	30.65	91.44	46.47
08/06/2016	26.14	24.53	11.18	2.23	50.93	1.59	6.52	30.74	88.08	47.10
09/06/2016	26.08	24.17	11.18	2.10	50.45	1.57	6.43	30.39	73.44	45.87
10/06/2016	25.91	23.95	10.89	2.03	48.51	1.58	6.30	29.70	70.80	43.76
13/06/2016	25.73	23.86	10.63	1.94	47.79	1.52	6.06	29.13	64.92	43.57
14/06/2016	26.25	23.30	10.50	2.00	47.89	1.54	5.91	29.00	64.80	42.99
15/06/2016	26.38	23.25	10.56	2.07	48.20	1.49	6.01	29.50	65.16	43.54
16/06/2016	26.63	23.30	10.65	2.01	48.39	1.54	6.03	29.31	63.84	43.59
17/06/2016	26.59	23.39	10.80	2.12	48.52	1.48	6.02	29.31	66.36	43.09
20/06/2016	26.79	23.46	10.87	2.14	49.32	1.51	6.18	29.83	65.64	43.94
21/06/2016	26.89	24.04	10.85	2.15	48.91	1.54	6.23	29.91	65.16	43.92
22/06/2016	26.75	24.21	10.94	2.13	48.62	1.56	5.90	29.92	63.96	39.33
23/06/2016	27.10	24.46	11.23	2.28	48.65	1.53	5.89	30.37	66.00	39.28
24/06/2016	25.91	23.95	10.41	2.08	46.02	1.43	5.59	28.36	62.40	38.63
27/06/2016	25.48	23.96	10.23	1.91	44.23	1.41	5.22	27.40	65.40	39.71
28/06/2016	26.02	24.35	10.45	1.95	46.37	1.45	5.49	27.87	69.48	40.36
29/06/2016	26.55	24.93	10.76	1.89	48.09	1.45	5.65	28.39	75.60	42.04
30/06/2016	27.36	25.27	10.92	1.99	48.48	1.48	5.93	28.74	74.64	42.46
01/07/2016	27.37	25.23	10.96	1.96	48.49	1.72	5.44	28.99	76.44	43.30
05/07/2016	27.33	25.70	10.76	1.90	47.77	1.61	5.14	28.40	71.28	42.80
06/07/2016	27.58	25.98	10.72	1.89	49.13	1.67	5.10	28.30	70.08	42.89
07/07/2016	27.65	25.42	10.69	1.89	44.34	1.62	5.14	28.42	69.96	43.19
08/07/2016	27.98	25.67	10.83	1.96	45.60	1.68	5.08	28.95	68.76	43.36
11/07/2016	27.99	25.84	11.03	2.06	46.49	1.68	5.09	29.35	66.36	44.96
12/07/2016	28.03	25.75	11.11	2.05	46.99	1.69	5.25	29.66	64.68	44.93
13/07/2016	28.12	25.90	11.13	1.96	46.20	1.66	5.12	29.62	63.72	44.51
14/07/2016	28.36	25.54	11.20	1.90	47.35	1.64	5.13	29.97	64.68	44.31
15/07/2016	28.57	25.97	11.12	1.88	47.73	1.64	5.07	29.85	63.00	44.08
18/07/2016	28.60	25.58	11.10	1.89	47.95	1.59	5.21	30.01	64.68	45.25
19/07/2016	28.62	25.78	11.09	1.82	47.74	1.70	5.15	29.84	63.96	45.05
20/07/2016	28.49	25.77	11.16	1.84	48.43	1.68	5.27	30.15	65.64	45.67
21/07/2016	28.32	26.06	11.15	1.85	48.33	1.65	5.12	29.97	65.76	44.10
22/07/2016	27.86	26.39	11.16	1.85	48.12	1.69	5.13	30.10	65.64	44.45
25/07/2016	27.50	26.38	11.13	1.76	47.99	1.72	5.08	29.92	65.88	46.00
26/07/2016	27.35	26.39	11.25	1.78	48.58	1.72	5.08	30.19	65.04	45.90
27/07/2016	27.18	25.97	11.25	1.81	48.55	1.67	5.26	30.26	65.16	45.70
28/07/2016	27.16	25.91	11.30	1.80	47.13	1.66	5.11	30.38	65.04	46.12
29/07/2016	27.06	25.97	11.33	1.80	46.68	1.59	5.18	30.40	64.68	46.96
01/08/2016	27.07	25.46	11.29	1.81	47.38	1.62	5.07	30.61	62.76	46.00
02/08/2016	26.98	25.13	11.24	1.79	47.76	1.62	5.00	30.41	62.40	45.44
03/08/2016	27.05	25.42	11.19	1.79	49.24	1.65	4.94	30.42	61.20	45.16
04/08/2016	27.09	25.52	11.37	1.80	43.72	1.68	4.96	30.62	60.84	46.12
05/08/2016	27.18	25.63	11.36	1.89	44.11	1.61	5.19	30.89	63.24	46.01
08/08/2016	27.17	25.16	11.34	1.93	43.81	1.62	5.56	31.02	64.80	45.23
09/08/2016	27.20	25.53	11.35	1.98	41.66	1.63	5.50	31.20	63.12	45.82
10/08/2016	27.17	25.88	11.36	1.83	38.66	1.48	5.22	30.82	63.12	45.13
11/08/2016	27.19	25.84	11.41	1.78	39.01	1.45	5.41	31.16	63.24	44.98
12/08/2016	27.15	26.27	11.39	1.78	38.79	1.39	6.23	31.20	62.40	45.12
15/08/2016	27.15	26.20	11.47	1.89	38.33	1.41	6.21	31.46	64.32	45.12
16/08/2016	27.10	25.78	11.43	1.82	37.74	1.49	6.09	31.38	62.88	44.72
17/08/2016	27.19	25.60	11.39	1.83	36.89	1.39	5.95	31.11	63.60	44.65
18/08/2016	27.31	25.76	11.59	1.89	37.52	1.43	6.03	31.43	63.60	44.70
19/08/2016	27.16	25.95	11.53	1.95	37.80	1.40	5.98	31.51	64.20	45.00
22/08/2016	27.22	25.66	11.57	1.90	37.68	1.39	6.00	31.55	62.76	44.59
23/08/2016	27.14	26.01	11.62	1.92	37.45	1.40	6.10	31.82	64.08	44.97
24/08/2016	27.13	25.90	11.57	1.87	37.32	1.41	5.99	31.85	61.92	44.52
25/08/2016	27.12	25.90	11.57	1.84	37.04	1.42	6.00	31.77	62.64	44.19
26/08/2016	27.14	25.63	11.56	1.81	37.53	1.38	5.95	31.66	63.12	44.00
29/08/2016	27.25	25.02	11.56	1.84	37.59	1.41	6.00	31.68	64.08	43.04
30/08/2016	27.26	24.77	11.51	1.84	38.25	1.38	6.01	31.69	63.36	42.27
31/08/2016	27.15	24.49	11.50	1.82	37.82	1.39	6.08	31.38	61.92	42.40
01/09/2016	27.11	24.50	11.55	1.82	38.44	1.44	6.06	31.65	61.92	40.15
02/09/2016	27.19	24.89	11.69	1.82	38.18	1.42	6.12	32.07	63.36	39.56
06/09/2016	26.98	25.43	11.88	1.85	38.98	1.43	6.22	32.09	63.72	40.57
07/09/2016	26.99	25.85	11.94	1.82	38.49	1.35	6.11	32.25	63.24	40.34
08/09/2016	26.97	25.82	11.89	1.80	38.47	1.37	6.19	32.12	63.60	39.47
09/09/2016	26.17	24.30	11.73	1.80	37.13	1.37	6.06	31.42	62.16	38.89
12/09/2016	26.50	24.34	11.73	1.80	37.43	1.34	6.10	31.54	61.56	39.66
13/09/2016	25.94	23.75	11.58	1.75	36.42	1.32	5.66	31.15	60.60	39.21
14/09/2016	25.81	23.77	11.56	1.70	35.03	1.34	5.54	31.00	60.48	39.28
15/09/2016	26.06	23.80	11.55	1.67	35.35	1.35	5.52	31.30	60.84	40.08
16/09/2016	25.99	23.76	11.46	1.44	34.82	1.45	5.38	31.25	60.60	41.08
19/09/2016	25.78	24.40	11.56	1.48	34.42	1.42	5.42	31.45	61.20	41.27
20/09/2016	25.99	24.18	11.59	1.40	34.00	1.32	5.45	31.39	60.96	40.93
21/09/2016	26.14	24.47	11.80	1.48	34.03	1.41	5.57	31.76	64.08	41.04
22/09/2016	26.31	24.58	11.82	1.67	35.42	1.43	5.75	32.37	63.60	41.29
23/09/2016	26.18	24.53	11.71	1.20	37.06	1.48	5.92	32.14	63.48	41.49
26/09/2016	25.87	24.02	11.66	1.20	37.25	1.49	6.03	31.78	63.24	41.80
27/09/2016	26.17	23.72	11.62	1.20	39.09	1.45	6.16	31.78	63.36	41.16
28/09/2016	26.19	23.80	11.75	1.19	39.08	1.40	6.23	32.11	64.80	41.25
29/09/2016	25.86	23.41	11.64	1.20	39.08	1.40	6.24	31.81	64.20	40.14
30/09/2016	25.94	23.52	11.61	1.18	39.49	1.40	6.30	32.20	65.04	40.81
03/10/2016	25.96	22.88	11.64	1.19	38.57	1.40	6.17	32.11	65.52	42.74
04/10/2016	25.84	22.25	11.58	1.20	38.21	1.41	5.91	32.04	66.00	42.28
05/10/2016	25.84	22.57	11.61	1.19	39.74	1.42	6.26	32.31	66.24	41.69
06/10/2016	25.63	22.52	11.53	1.21	39.75	1.40	6.12	32.14	65.16	40.20
07/10/2016	25.47	22.88	11.41	1.16	37.58	1.42	6.49	31.88	62.64	39.32
10/10/2016	25.28	22.36	11.41	1.06	38.58	1.37	6.91	31.75	63.60	40.19
11/10/2016	25.33	22.20	11.20	1.07	38.28	1.38	7.02	31.24	60.60	40.02
12/10/2016	25.31	22.51	11.20	1.09	38.24	1.39	6.81	31.21	61.20	40.30
13/10/2016	25.20	22.20	11.20	1.10	38.68	1.39	6.54	31.20	59.40	40.05
14/10/2016	25.30	22.73	11.27	1.14	39.47	1.41	6.38	31.23	60.00	39.30
17/10/2016	25.27	22.90	11.33	1.15	39.30	1.36	6.42	31.23	58.20	38.79
18/10/2016	25.38	23.51	11.47	1.13	39.57	1.35	6.53	31.37	58.80	39.82
19/10/2016	25.45	23.63	11.51	1.12	41.92	1.31	6.65	31.44	61.20	40.71
20/10/2016	25.46	24.03	11.54	1.15	42.08	1.32	6.67	31.18	63.60	39.82
21/10/2016	25.38	24.15	11.47	1.16	42.25	1.34	6.27	31.05	61.20	40.02
24/10/2016	25.33	23.95	11.47	1.14	40.87	1.30	6.08	31.14	62.40	40.55
25/10/2016	25.09	23.70	11.45	1.11	40.68	1.32	5.98	30.89	45.00	40.47
26/10/2016	25.28	23.92	11.46	1.06	41.11	1.31	5.53	30.82	44.40	40.45
27/10/2016	25.07	23.90	11.41	1.09	41.06	1.29	5.37	30.36	43.80	40.80
28/10/2016	25.59	23.26	11.36	1.07	40.65	1.27	5.18	30.72	42.60	39.99
31/10/2016	25.49	22.99	11.40	1.00	40.49	1.27	5.21	30.68	40.20	39.55
01/11/2016	25.29	22.73	11.30	1.01	41.05	1.34	4.86	30.29	36.00	38.16
02/11/2016	24.95	22.22	11.14	1.17	40.58	1.27	4.63	30.01	37.20	37.60
03/11/2016	24.77	22.70	11.03	1.20	34.51	1.27	4.65	29.97	33.60	37.48
04/11/2016	24.91	22.54	11.03	1.17	32.48	1.25	4.71	29.91	35.40	38.11
07/11/2016	25.67	22.84	11.27	1.16	33.76	1.25	4.92	30.55	35.40	38.64
08/11/2016	25.77	23.07	11.16	1.20	33.49	1.25	4.99	30.61	36.00	38.99
09/11/2016	25.95	21.74	10.81	1.11	32.10	1.24	4.79	30.70	36.60	38.01
10/11/2016	26.63	21.58	10.51	1.12	31.95	1.26	4.71	30.84	35.40	37.07
11/11/2016	26.90	20.90	10.44	1.14	32.06	1.25	5.11	30.77	37.20	37.71
14/11/2016	26.72	21.12	10.35	1.14	33.08	1.22	4.98	31.02	37.80	36.29
15/11/2016	26.93	21.30	10.36	1.05	33.19	1.24	4.91	31.35	37.80	36.75
16/11/2016	26.92	21.37	10.22	1.11	32.82	1.21	4.85	31.05	36.60	36.79
17/11/2016	26.97	21.49	10.29	1.13	31.16	1.16	4.80	31.37	36.00	37.73
18/11/2016	26.86	21.50	10.26	1.10	29.21	1.28	4.98	31.19	37.20	37.00
21/11/2016	27.04	21.80	10.37	1.08	29.38	1.22	4.82	31.24	36.60	36.90
22/11/2016	27.31	22.15	10.39	1.09	29.66	1.23	5.05	31.54	35.40	38.23
23/11/2016	27.45	22.30	10.32	1.14	29.78	1.25	5.28	31.38	34.56	38.63
25/11/2016	27.54	22.55	10.45	1.14	30.60	1.24	5.34	31.84	34.80	39.33
28/11/2016	27.37	22.71	10.51	1.13	31.11	1.19	5.38	31.54	33.00	39.22
29/11/2016	27.19	22.16	10.56	1.12	29.95	1.18	4.99	31.55	26.40	37.91
30/11/2016	26.94	21.81	10.61	1.12	30.32	1.20	5.10	31.55	27.00	37.88
01/12/2016	27.49	21.46	10.54	1.11	30.14	1.17	5.00	31.47	24.00	36.38
02/12/2016	27.45	21.59	10.51	1.14	30.15	1.19	5.09	31.59	24.00	36.29
05/12/2016	27.25	21.57	10.51	1.15	32.35	1.16	5.32	31.85	26.40	37.36
06/12/2016	27.30	21.44	10.56	1.37	32.05	1.17	5.46	32.20	24.60	37.17
07/12/2016	27.68	21.25	10.66	1.32	33.59	1.25	5.58	32.56	25.20	38.63
08/12/2016	27.61	21.19	10.46	1.34	33.17	1.22	5.65	32.50	24.60	38.46
09/12/2016	27.83	21.56	10.44	1.32	33.54	1.25	5.85	32.53	25.20	38.44
12/12/2016	27.90	21.54	10.42	1.25	33.70	1.17	5.65	32.45	22.80	38.49
13/12/2016	27.80	21.25	10.54	1.28	33.62	1.17	5.37	32.39	23.40	39.63
14/12/2016	27.59	20.94	10.32	1.20	32.54	1.15	5.24	31.96	22.80	39.74
15/12/2016	27.38	20.73	10.31	1.18	32.61	1.16	5.32	31.94	22.80	39.52
16/12/2016	27.81	20.41	10.39	1.24	35.11	1.18	5.59	31.93	23.40	40.50
19/12/2016	27.96	20.65	10.39	1.30	34.98	1.20	5.80	31.94	25.20	40.55
20/12/2016	28.24	21.14	10.35	1.27	34.47	1.28	5.55	32.06	26.40	41.76
21/12/2016	28.14	21.17	10.43	1.21	33.20	1.36	5.53	32.04	24.60	41.54
22/12/2016	28.08	21.48	10.41	1.23	32.68	1.28	5.44	31.97	23.40	41.69
23/12/2016	28.13	21.54	10.45	1.13	32.62	1.38	5.23	31.97	24.00	42.67
27/12/2016	28.15	21.50	10.52	1.06	33.99	1.26	5.61	32.15	24.00	43.91
28/12/2016	27.97	21.58	10.51	0.98	32.80	1.21	5.44	31.89	22.20	43.95
29/12/2016	27.98	21.54	10.61	0.97	32.57	1.15	5.33	31.84	21.96	42.94
30/12/2016	27.88	21.75	10.71	1.01	32.09	1.15	5.31	31.91	21.00	42.74
03/01/2017	27.96	22.01	10.74	1.05	33.54	1.20	5.59	32.14	21.60	43.40
04/01/2017	27.97	22.54	10.83	1.15	34.17	1.21	5.82	32.58	22.80	45.40
05/01/2017	27.81	22.47	10.92	1.12	33.88	1.20	5.81	32.54	23.40	45.35
06/01/2017	27.89	22.74	10.81	1.11	33.32	1.19	5.80	32.58	24.00	45.80
09/01/2017	27.76	22.84	10.84	1.11	33.57	1.16	5.67	32.50	23.40	46.26
10/01/2017	27.68	22.89	10.82	1.13	33.39	1.15	6.00	32.69	23.40	45.97
11/01/2017	27.77	23.09	10.88	1.44	35.00	1.16	6.40	32.91	23.40	45.95
12/01/2017	27.70	22.99	10.90	1.36	34.87	1.13	6.17	32.72	22.80	45.92
13/01/2017	27.67	23.23	10.92	1.54	35.75	1.13	6.25	32.94	22.80	47.55
17/01/2017	27.59	23.55	10.97	1.65	35.17	1.23	6.16	32.74	21.60	47.12
18/01/2017	27.56	23.63	10.98	1.89	34.41	1.26	6.10	32.58	21.00	47.67
19/01/2017	27.54	23.54	10.95	1.78	34.42	1.21	5.81	32.46	21.00	48.75
20/01/2017	26.94	23.77	11.05	1.85	34.75	1.23	5.88	32.60	20.40	48.95
23/01/2017	26.25	23.61	11.11	1.70	33.66	1.20	5.59	32.67	19.80	49.78
24/01/2017	26.47	24.02	11.20	1.66	32.53	1.22	5.65	33.05	19.20	50.92
25/01/2017	26.80	23.96	11.23	1.71	32.90	1.25	5.75	33.40	18.00	50.89
26/01/2017	26.75	24.00	11.21	1.64	32.28	1.24	5.70	33.19	18.60	50.50
27/01/2017	26.48	23.48	11.22	1.60	31.48	1.22	5.55	33.31	18.60	50.59
30/01/2017	26.44	26.43	11.14	1.49	31.02	1.28	5.25	32.89	18.00	50.13
31/01/2017	26.21	26.85	11.15	1.49	31.19	1.28	5.29	33.09	18.00	50.39
01/02/2017	26.20	27.41	11.23	1.51	31.79	1.25	5.57	33.15	16.80	49.85
02/02/2017	26.19	27.23	11.21	1.47	31.59	1.28	5.51	33.22	16.80	50.31
03/02/2017	26.21	27.21	11.33	1.43	32.15	1.28	5.66	33.52	16.80	50.27
06/02/2017	26.17	27.10	11.21	1.42	32.13	1.28	5.57	33.19	16.80	51.55
07/02/2017	26.08	26.85	11.16	1.45	31.79	1.26	5.59	33.24	16.80	51.50
08/02/2017	25.97	26.91	11.27	1.54	31.55	1.23	5.74	33.05	15.60	52.42
09/02/2017	26.11	26.73	11.30	1.56	32.23	1.28	5.73	33.29	15.00	53.84
10/02/2017	26.22	27.08	11.32	1.56	32.85	1.26	5.99	33.45	18.00	53.85
13/02/2017	26.51	26.85	11.35	1.51	33.33	1.24	6.06	33.54	19.80	56.12
14/02/2017	26.72	26.72	11.38	1.50	33.92	1.22	6.04	33.38	19.80	56.20
15/02/2017	26.78	26.61	11.44	1.60	34.73	1.23	6.17	33.60	19.80	55.95
16/02/2017	26.87	26.61	11.50	1.61	34.11	1.21	6.04	33.63	20.16	53.79
17/02/2017	26.80	26.51	11.41	1.64	34.84	1.23	5.96	33.72	19.20	54.45
21/02/2017	26.93	26.66	11.44	1.69	36.62	1.17	6.02	33.93	19.56	55.48
22/02/2017	26.76	26.58	11.46	1.61	33.57	1.16	5.83	33.79	19.20	54.70
23/02/2017	26.70	26.48	11.28	1.69	37.19	1.18	5.91	33.97	18.36	51.20
24/02/2017	26.85	26.51	11.19	1.86	37.90	1.17	5.85	33.87	18.36	51.40
27/02/2017	26.63	26.49	11.14	1.90	37.83	1.17	5.92	34.11	19.20	49.25
28/02/2017	26.51	26.50	11.17	1.79	36.19	1.11	5.69	33.82	18.60	50.00
01/03/2017	26.85	26.28	11.30	1.61	35.02	1.10	5.62	34.41	19.80	50.00
02/03/2017	26.85	26.38	11.24	1.53	35.52	1.07	5.48	34.06	20.40	50.10
03/03/2017	26.79	26.85	11.28	1.47	34.61	1.09	5.41	34.03	21.00	50.31
06/03/2017	26.68	26.55	11.24	1.36	33.33	1.15	5.25	33.86	18.96	50.24
07/03/2017	26.56	26.61	11.23	1.28	32.63	1.14	5.27	33.76	18.00	49.72
08/03/2017	26.51	26.34	11.17	1.22	32.66	1.11	5.24	33.69	18.00	49.37
09/03/2017	26.38	26.34	11.15	1.14	32.48	1.17	5.24	33.68	16.80	48.98
10/03/2017	26.93	26.36	11.22	1.33	32.40	1.15	5.06	33.95	16.80	48.74
13/03/2017	26.56	26.36	11.25	1.23	32.84	1.17	4.96	33.96	17.40	49.23
14/03/2017	26.27	26.59	11.11	1.28	32.07	1.20	4.89	33.87	16.20	51.60
15/03/2017	26.47	27.81	11.25	1.37	33.00	1.14	5.00	34.32	16.80	51.15
16/03/2017	26.46	28.56	11.32	1.37	32.98	1.16	5.10	34.30	16.56	52.41
17/03/2017	26.58	28.85	11.39	1.40	31.83	1.15	4.95	34.53	16.20	52.30
20/03/2017	26.45	28.65	11.41	1.34	30.34	1.12	4.90	34.39	16.20	52.38
21/03/2017	26.14	28.68	11.36	1.25	29.04	1.03	4.80	33.95	17.40	50.14
22/03/2017	26.27	28.33	11.40	1.24	28.87	1.02	4.98	33.93	16.80	51.00
23/03/2017	26.35	28.03	11.43	1.24	28.58	1.05	4.84	34.07	16.56	50.96
24/03/2017	26.43	28.05	11.44	1.24	28.31	1.08	4.91	34.21	16.20	52.63
27/03/2017	26.19	28.33	11.44	1.24	28.23	1.06	4.94	34.39	16.80	54.04
28/03/2017	26.35	28.54	11.54	1.25	28.28	1.04	5.08	34.40	16.80	55.49
29/03/2017	26.40	28.12	11.53	1.30	28.03	1.04	5.26	34.50	16.20	55.48
30/03/2017	26.57	28.67	11.44	1.35	27.47	1.05	5.22	34.71	17.16	55.58
31/03/2017	26.51	28.53	11.57	1.37	27.10	1.02	5.40	34.71	16.56	55.66
03/04/2017	26.58	28.37	11.55	1.37	26.33	0.97	5.28	34.32	16.20	59.70
04/04/2017	26.70	28.65	11.54	1.40	26.82	0.95	5.22	34.35	16.56	60.74
05/04/2017	26.66	28.36	11.50	1.29	26.58	0.95	5.03	34.18	17.40	59.00
06/04/2017	26.62	28.45	11.54	1.35	26.62	0.98	5.18	34.41	18.00	59.74
07/04/2017	26.67	28.70	11.59	1.36	26.81	0.95	5.34	34.40	19.20	60.51
10/04/2017	26.69	28.85	11.54	1.35	27.97	0.93	5.54	34.44	21.00	62.48
11/04/2017	26.72	28.44	11.67	1.34	28.10	0.92	5.46	34.56	22.80	61.74
12/04/2017	26.48	28.24	11.61	1.34	27.91	0.97	5.33	34.46	19.80	59.37
13/04/2017	26.29	28.15	11.52	1.31	27.42	0.99	5.23	34.17	19.80	60.80
17/04/2017	26.36	28.32	11.65	1.31	27.34	0.96	5.30	34.54	18.96	60.29
18/04/2017	26.54	28.22	11.49	1.26	26.89	0.92	5.19	34.50	18.36	60.05
19/04/2017	26.68	28.02	11.46	1.19	26.54	0.92	5.16	34.72	18.60	61.10
20/04/2017	26.92	27.77	11.46	1.18	26.74	0.90	5.12	34.92	18.60	60.50
21/04/2017	26.28	27.91	11.44	1.23	26.80	0.91	5.12	34.96	18.00	61.12
24/04/2017	26.28	29.18	11.73	1.28	27.08	0.91	5.27	35.88	18.36	61.61
25/04/2017	26.19	28.58	11.85	1.29	27.54	0.95	5.42	36.00	19.20	62.76
26/04/2017	26.02	28.84	11.85	1.27	28.99	0.89	5.32	36.10	18.60	62.03
27/04/2017	25.86	29.45	11.99	1.24	29.44	0.89	5.33	36.17	19.20	61.73
28/04/2017	25.78	29.83	12.00	1.19	29.55	0.87	5.29	36.32	13.80	62.81
01/05/2017	25.74	30.00	12.05	1.20	29.55	0.85	5.38	36.44	14.40	64.57
02/05/2017	25.78	29.96	12.15	1.23	30.32	0.84	5.21	36.39	12.96	63.78
03/05/2017	26.00	29.80	12.07	1.16	33.91	0.80	4.75	36.28	13.20	62.20
04/05/2017	25.97	29.66	12.16	1.12	34.24	0.82	4.71	36.49	12.24	59.09
05/05/2017	25.99	29.60	12.33	1.16	34.54	0.80	4.86	36.91	12.60	61.67
08/05/2017	25.86	29.04	12.19	1.17	35.15	0.77	4.92	36.82	13.56	61.44
09/05/2017	25.73	28.82	12.18	1.15	35.78	0.76	4.90	36.71	13.56	64.25
10/05/2017	25.53	28.99	12.16	1.06	36.57	0.76	5.09	36.88	13.20	65.04
11/05/2017	25.68	28.94	12.14	0.92	36.62	0.85	5.00	36.76	13.56	64.62
12/05/2017	25.14	29.00	12.21	0.83	36.38	0.81	4.87	36.67	12.60	64.96
15/05/2017	25.06	29.30	12.26	0.77	37.21	0.88	4.91	36.98	12.96	63.18
16/05/2017	24.94	29.35	12.34	0.77	36.78	0.83	4.90	37.21	12.00	63.40
17/05/2017	24.38	29.37	12.15	0.71	34.98	0.82	4.81	36.40	11.16	61.22
18/05/2017	24.44	29.19	12.19	0.70	34.96	0.83	4.90	36.51	10.32	62.61
19/05/2017	24.95	29.24	12.34	0.72	36.34	0.88	5.05	37.18	11.16	62.17
22/05/2017	25.06	29.29	12.37	0.78	36.43	0.87	4.90	37.48	11.52	62.07
23/05/2017	25.15	29.93	12.38	0.77	36.47	0.89	4.89	37.65	11.16	60.77
24/05/2017	24.75	30.14	12.37	0.73	38.90	0.92	4.92	37.59	10.92	62.04
25/05/2017	24.45	30.13	12.40	0.73	37.94	0.88	4.91	37.70	11.16	63.37
26/05/2017	24.42	30.06	12.39	0.72	36.84	0.90	4.94	37.49	11.52	65.03
30/05/2017	24.34	30.37	12.34	0.75	39.50	0.90	5.02	37.49	11.76	67.02
31/05/2017	24.35	30.06	12.39	0.76	38.51	0.88	5.04	37.62	11.52	68.20
01/06/2017	24.66	30.17	12.43	0.78	38.32	0.88	5.13	38.05	12.12	68.07
02/06/2017	24.80	29.88	12.42	0.82	38.33	0.87	5.12	38.51	13.08	67.97
05/06/2017	24.89	29.89	12.45	0.78	37.67	0.83	5.00	38.14	13.44	69.46
06/06/2017	24.84	30.16	12.52	0.76	37.44	0.86	5.02	38.22	12.36	70.57
07/06/2017	24.62	30.44	12.44	0.77	36.94	0.86	4.93	38.29	12.96	71.93
08/06/2017	24.54	30.51	12.43	0.79	37.80	0.86	5.34	38.43	12.48	74.00
09/06/2017	24.85	30.56	12.34	0.78	36.65	0.86	5.41	38.32	13.20	71.46
12/06/2017	25.74	30.55	12.30	0.77	36.40	0.87	5.44	38.06	13.20	71.80
13/06/2017	25.30	30.76	12.36	0.82	36.46	0.86	5.48	38.31	13.68	75.19
14/06/2017	25.52	30.57	12.34	0.80	36.19	0.87	5.49	38.17	13.80	76.13
15/06/2017	25.96	30.56	12.12	0.79	35.73	0.86	5.52	37.72	13.44	75.07
16/06/2017	26.24	30.59	12.16	0.77	35.83	0.92	5.74	37.96	13.20	74.28
19/06/2017	26.06	30.58	12.11	0.80	36.35	0.88	5.85	38.17	13.56	73.96
20/06/2017	25.45	30.53	12.00	0.84	35.45	0.85	6.36	37.66	13.92	74.45
21/06/2017	25.13	30.55	12.01	0.83	37.23	0.86	6.52	37.55	14.04	75.28
22/06/2017	24.93	32.23	11.97	0.87	38.42	0.87	6.65	37.78	15.12	76.52
23/06/2017	24.94	33.65	11.95	0.89	39.74	0.82	6.75	38.03	14.40	76.69
26/06/2017	24.98	34.29	12.01	0.85	40.17	0.83	6.83	38.01	15.60	75.50
27/06/2017	24.62	33.94	12.02	0.85	40.05	0.83	6.89	37.78	16.56	72.47
28/06/2017	24.50	33.22	12.14	0.87	40.49	0.83	7.10	38.08	16.68	74.25
29/06/2017	24.45	32.68	11.98	0.85	40.08	0.82	7.27	37.73	15.48	72.15
30/06/2017	24.44	32.19	12.08	0.87	39.88	0.79	7.12	37.95	14.88	72.32
03/07/2017	24.84	32.21	12.13	0.86	40.07	0.82	7.24	38.03	15.12	70.52
05/07/2017	24.74	32.17	12.07	0.82	39.04	0.80	6.80	38.01	15.00	65.42
06/07/2017	23.80	32.20	12.06	0.82	38.67	0.80	6.75	37.69	14.64	61.77
07/07/2017	23.66	32.43	12.08	0.80	39.40	0.79	6.79	38.00	15.00	62.64
10/07/2017	23.56	33.27	12.07	0.83	39.54	0.84	6.89	38.10	15.72	63.21
11/07/2017	23.87	32.95	12.06	0.79	39.81	0.81	6.87	38.28	16.44	65.44
12/07/2017	24.05	33.35	12.23	0.82	41.79	0.83	7.06	38.70	16.44	65.90
13/07/2017	24.24	32.77	12.19	0.81	41.53	0.84	6.99	38.88	16.80	64.68
14/07/2017	24.23	33.28	12.35	0.82	42.94	0.85	7.07	39.13	17.04	65.56
17/07/2017	24.27	33.50	12.29	0.80	42.72	0.87	7.01	39.06	17.52	63.91
18/07/2017	24.33	33.53	12.29	0.80	44.02	0.86	7.14	39.07	17.16	65.65
19/07/2017	24.37	33.21	12.31	0.80	45.67	0.86	7.27	39.44	16.92	65.05
20/07/2017	24.15	33.07	12.40	0.84	46.27	0.88	7.25	39.39	17.16	65.98
21/07/2017	23.44	33.37	12.46	0.86	45.15	0.87	7.29	39.19	17.28	65.68
24/07/2017	23.01	33.60	12.35	0.89	44.98	0.86	7.56	39.10	17.40	68.50
25/07/2017	23.02	33.80	12.46	0.99	45.46	0.88	7.35	39.20	17.76	67.92
26/07/2017	23.15	34.61	12.53	1.01	45.44	0.86	7.30	39.18	19.08	68.77
27/07/2017	23.33	34.42	12.32	0.95	44.81	0.87	7.37	38.72	18.60	66.89
28/07/2017	23.10	34.82	12.34	0.96	48.87	0.84	7.48	38.77	18.84	67.01
31/07/2017	23.17	35.87	12.34	0.94	49.31	0.86	7.53	38.79	18.60	64.69
01/08/2017	23.02	35.53	12.31	0.96	49.65	0.84	7.44	39.01	18.48	63.91
02/08/2017	23.09	35.54	12.40	0.94	48.63	0.85	7.19	38.77	18.60	65.18
03/08/2017	23.31	35.49	12.46	0.94	47.30	0.86	7.24	38.68	19.08	69.42
04/08/2017	23.32	35.45	12.48	0.93	47.98	0.88	7.27	38.81	19.32	71.38
07/08/2017	23.19	35.18	12.50	0.87	48.57	0.83	7.42	38.82	19.20	71.03
08/08/2017	23.13	34.69	12.48	0.89	47.84	0.87	7.05	38.65	18.96	73.04
09/08/2017	23.26	33.92	12.45	0.93	47.43	0.81	6.84	38.49	18.12	72.71
10/08/2017	22.89	33.20	12.27	0.83	46.75	0.82	6.69	37.76	17.04	71.08
11/08/2017	22.80	33.64	12.32	0.82	47.54	0.85	6.82	38.01	16.56	71.57
14/08/2017	22.94	34.78	12.41	0.82	48.87	0.87	6.96	38.40	17.52	72.76
15/08/2017	22.75	34.87	12.36	0.78	49.09	0.87	6.94	38.37	17.40	72.47
16/08/2017	22.71	35.00	12.48	0.82	49.07	0.86	6.84	38.40	16.92	72.58
17/08/2017	22.39	34.32	12.25	0.82	47.77	0.85	6.65	37.77	17.28	70.38
18/08/2017	22.21	34.32	12.37	0.87	48.06	0.88	6.85	38.01	16.92	69.49
21/08/2017	22.16	34.15	12.30	0.84	45.96	0.85	6.70	37.99	16.68	67.57
22/08/2017	22.26	34.19	12.36	0.84	46.59	0.85	6.71	38.45	17.40	68.27
23/08/2017	22.07	34.79	12.37	0.86	46.48	0.86	6.94	38.33	17.52	70.55
24/08/2017	21.99	34.58	12.30	0.91	47.20	0.86	7.59	38.31	17.64	70.59
25/08/2017	22.16	34.19	12.43	0.94	47.42	0.84	6.91	38.53	17.76	69.61
28/08/2017	22.14	34.51	12.44	0.92	48.02	0.85	6.93	38.52	17.88	69.13
29/08/2017	22.11	34.91	12.40	0.92	48.40	0.84	6.83	38.39	17.76	69.47
30/08/2017	21.97	34.92	12.31	0.95	48.09	0.94	6.78	38.57	17.88	70.64
31/08/2017	22.21	36.42	12.38	0.92	46.96	0.90	6.70	39.15	18.48	71.18
01/09/2017	22.75	36.65	12.32	0.98	47.84	0.87	6.77	39.18	19.20	71.08
05/09/2017	22.39	36.86	12.27	1.09	47.86	0.87	6.92	39.04	18.48	69.92
06/09/2017	22.55	37.15	12.36	1.11	47.35	0.88	7.07	39.16	18.00	68.91
07/09/2017	21.73	36.61	12.44	1.30	47.45	0.86	7.15	39.26	18.24	70.12
08/09/2017	21.55	36.98	12.38	1.30	46.91	0.87	7.04	39.33	17.88	68.68
11/09/2017	21.46	36.98	12.51	1.25	47.16	0.86	6.92	39.74	18.00	72.74
12/09/2017	21.63	36.23	12.47	1.21	47.48	0.91	6.94	39.78	18.00	72.55
13/09/2017	21.81	36.10	12.31	1.29	46.83	0.88	6.83	39.67	18.60	73.25
14/09/2017	21.95	36.95	12.37	1.30	48.43	0.93	6.86	39.73	18.36	75.53
15/09/2017	21.87	37.67	12.29	1.53	50.45	0.91	6.72	39.60	17.88	75.96
18/09/2017	22.35	36.69	12.25	1.51	48.54	0.94	6.44	39.90	17.64	77.00
19/09/2017	22.11	36.32	12.39	1.51	48.86	0.99	6.05	40.15	18.72	75.02
20/09/2017	22.22	36.40	12.41	1.52	48.85	0.96	6.02	40.21	19.80	74.78
21/09/2017	22.62	36.28	12.35	1.41	48.76	1.07	5.47	40.09	19.80	73.30
22/09/2017	22.73	36.50	12.31	1.41	51.41	1.14	5.59	40.27	20.88	70.22
25/09/2017	22.95	35.75	12.22	1.36	46.88	1.11	5.19	39.98	21.60	69.00
26/09/2017	22.78	35.63	12.22	1.37	46.17	1.06	5.40	39.74	21.48	69.05
27/09/2017	22.27	34.53	12.27	1.45	47.05	1.04	5.63	40.11	20.88	68.19
28/09/2017	22.15	35.23	12.32	1.51	46.14	1.00	5.53	40.53	20.40	67.92
29/09/2017	22.10	35.39	12.38	1.52	45.88	1.02	5.55	40.70	21.00	68.22
02/10/2017	22.45	35.55	12.43	1.53	47.18	1.04	5.53	40.64	22.08	68.31
03/10/2017	22.66	36.15	12.48	1.59	47.23	1.04	5.65	40.96	22.68	69.63
04/10/2017	22.37	36.50	12.45	1.52	47.65	1.06	5.63	41.19	26.64	71.00
05/10/2017	22.42	36.16	12.48	1.53	47.93	1.06	5.54	41.12	27.12	71.07
06/10/2017	22.29	36.21	12.43	1.49	48.21	1.06	5.58	41.08	27.12	71.38
09/10/2017	21.41	36.53	12.52	1.43	46.91	1.12	5.43	41.09	25.68	68.59
10/10/2017	21.35	37.07	12.62	1.38	47.67	1.13	5.45	41.24	24.96	71.12
11/10/2017	21.08	36.46	12.73	1.40	47.20	1.13	5.47	41.46	25.92	70.92
12/10/2017	21.06	37.27	12.67	1.41	47.11	1.10	5.39	41.61	26.04	71.14
13/10/2017	21.00	37.39	12.71	1.39	47.60	1.10	5.52	41.69	25.80	71.11
16/10/2017	21.35	38.11	12.58	1.41	47.31	1.07	5.49	41.66	25.56	70.12
17/10/2017	21.19	37.49	12.59	1.37	47.24	1.02	5.54	41.43	24.48	71.15
18/10/2017	21.13	37.33	12.60	1.26	46.94	1.05	5.54	41.52	25.56	71.93
19/10/2017	21.55	37.19	12.61	1.29	47.64	1.08	5.46	41.46	25.20	70.36
20/10/2017	21.78	37.16	12.55	1.37	47.73	1.02	5.57	41.49	26.04	69.02
23/10/2017	20.40	36.27	12.51	1.32	48.92	0.96	5.37	41.45	26.16	67.40
24/10/2017	20.00	35.95	12.46	1.33	48.61	1.00	5.44	41.62	26.40	67.47
25/10/2017	19.65	34.68	12.38	1.27	47.39	0.97	5.42	41.52	25.32	65.17
26/10/2017	19.48	33.62	12.44	1.32	47.92	0.99	5.44	41.86	25.56	65.23
27/10/2017	19.00	34.44	12.37	1.36	57.67	0.97	5.62	42.23	26.04	64.17
30/10/2017	18.65	34.48	12.39	1.49	60.43	0.98	5.72	42.12	25.68	64.02
31/10/2017	18.42	34.55	12.46	1.53	54.82	0.91	5.74	42.43	26.28	66.31
01/11/2017	18.29	34.55	12.45	1.40	57.21	0.95	5.74	42.25	25.68	64.22
02/11/2017	18.22	32.34	12.42	1.45	57.87	0.96	5.69	42.43	26.88	59.85
03/11/2017	18.40	33.93	12.25	1.48	59.87	0.95	5.65	42.16	26.52	61.22
06/11/2017	18.39	33.68	12.31	1.49	61.47	0.97	6.13	42.41	26.76	60.56
07/11/2017	18.47	33.85	12.17	1.46	60.96	1.01	5.86	42.03	26.04	61.21
08/11/2017	18.39	33.78	12.32	1.75	61.79	0.97	5.89	41.93	25.44	60.88
09/11/2017	18.27	34.10	11.97	1.83	60.54	0.97	6.24	41.43	23.88	60.60
10/11/2017	18.72	34.07	11.89	1.97	61.59	1.00	5.83	41.11	24.96	60.60
13/11/2017	17.38	34.80	11.91	2.32	61.57	1.03	6.07	40.88	23.40	63.08
14/11/2017	16.36	34.86	11.83	2.37	61.28	1.02	6.17	40.93	19.56	61.74
15/11/2017	16.69	35.11	11.80	2.61	60.60	0.98	6.08	40.67	18.72	62.26
16/11/2017	16.68	35.32	11.93	2.78	60.35	0.97	6.04	41.30	19.08	62.50
17/11/2017	16.64	34.73	11.80	2.77	60.18	0.97	6.05	41.11	18.96	63.01
20/11/2017	16.43	34.71	11.66	2.56	61.06	0.96	6.02	41.25	18.72	61.75
21/11/2017	16.29	34.37	11.73	2.78	60.24	0.96	5.92	41.28	19.08	63.56
22/11/2017	16.59	34.29	11.79	2.81	60.51	0.95	5.92	41.50	18.84	62.52
24/11/2017	16.62	34.38	11.79	2.66	60.61	0.97	5.93	41.68	20.64	63.11
27/11/2017	16.56	34.00	11.76	3.00	61.65	0.97	6.08	41.58	20.16	63.36
28/11/2017	16.82	33.74	11.88	3.14	62.13	0.99	5.73	42.05	19.92	63.51
29/11/2017	16.89	33.74	11.95	2.87	60.02	1.00	5.56	41.18	19.56	61.51
30/11/2017	16.71	34.65	11.95	2.90	62.10	0.95	5.60	41.50	20.52	61.77
01/12/2017	16.34	34.60	11.91	2.90	60.30	0.96	5.44	41.03	20.28	61.31
04/12/2017	16.40	32.82	11.79	2.65	57.27	0.95	5.49	40.69	20.28	61.04
05/12/2017	16.23	33.41	11.77	2.76	61.21	0.98	5.56	40.35	21.12	60.74
06/12/2017	16.25	34.52	11.73	2.70	63.24	0.97	5.56	40.42	21.84	62.65
07/12/2017	16.30	34.95	11.84	2.80	68.43	0.95	5.67	40.86	24.00	62.25
08/12/2017	16.30	35.59	11.91	2.77	70.02	1.00	5.73	40.66	24.24	63.03
11/12/2017	16.24	35.04	11.98	2.70	70.05	0.98	5.80	40.84	23.40	65.78
12/12/2017	16.48	35.56	11.97	2.72	68.91	1.01	5.69	41.12	22.68	68.21
13/12/2017	16.34	36.57	12.05	2.66	68.48	1.01	5.69	41.02	22.44	67.81
14/12/2017	16.23	37.45	12.05	2.70	67.89	0.96	5.86	41.00	22.32	67.58
15/12/2017	16.40	37.85	12.00	2.80	68.96	0.94	6.06	41.49	22.32	68.69
18/12/2017	16.34	38.13	12.08	2.56	70.63	0.96	6.07	42.03	21.00	67.77
19/12/2017	16.19	37.64	12.05	2.47	69.15	0.98	5.99	41.83	21.60	66.22
20/12/2017	16.06	37.29	12.07	2.52	68.69	0.98	6.07	41.72	21.24	65.80
21/12/2017	16.08	36.81	12.17	2.55	69.11	1.08	6.05	41.60	20.88	66.33
22/12/2017	16.10	36.70	12.26	2.53	68.85	1.05	6.02	41.62	20.76	65.04
26/12/2017	16.15	36.42	12.27	2.42	68.04	1.11	5.84	41.61	20.28	63.46
27/12/2017	16.10	36.53	12.27	2.45	68.84	1.17	5.87	41.66	20.52	62.33
28/12/2017	16.09	37.70	12.38	2.49	68.35	1.14	6.07	41.89	20.76	63.07
29/12/2017	16.17	38.27	12.45	2.41	67.52	1.12	5.90	41.66	20.40	62.27
02/01/2018	16.66	38.45	12.55	2.60	70.43	1.08	5.92	42.18	20.88	64.11
03/01/2018	16.82	37.26	12.53	2.58	69.80	1.13	6.05	42.58	20.76	63.45
04/01/2018	17.17	36.61	12.53	2.50	69.14	1.16	6.06	42.93	21.12	62.92
05/01/2018	17.18	36.75	12.55	2.47	69.17	1.14	6.01	43.07	20.64	63.32
08/01/2018	16.94	37.27	12.67	2.41	69.62	1.15	6.05	43.43	20.88	67.28
09/01/2018	17.20	36.78	12.65	2.38	70.02	1.14	6.01	43.01	20.88	66.74
10/01/2018	17.54	35.80	12.54	2.26	69.64	1.14	6.02	42.61	22.20	66.96
11/01/2018	17.62	35.67	12.68	2.40	76.27	1.19	6.30	43.19	24.12	67.59
12/01/2018	17.38	35.79	12.77	2.24	73.41	1.19	6.36	43.73	23.76	67.24
16/01/2018	16.87	35.47	12.91	2.09	71.22	1.19	6.06	43.87	23.40	68.01
17/01/2018	16.08	35.50	12.94	2.10	72.00	1.14	6.09	44.16	22.92	69.43
18/01/2018	15.54	35.64	12.94	1.94	71.09	1.16	5.92	44.07	22.32	68.91
19/01/2018	15.07	36.64	12.98	1.95	70.03	1.15	5.94	44.41	23.04	70.00
22/01/2018	14.98	36.34	13.08	1.97	68.96	1.17	6.04	44.42	23.04	70.31
23/01/2018	15.65	37.16	13.06	2.06	68.48	1.15	6.41	44.35	22.68	70.56
24/01/2018	15.23	37.07	13.00	2.02	68.98	1.15	6.39	44.37	22.44	69.18
25/01/2018	14.99	37.31	12.91	2.09	70.44	1.18	6.33	44.07	21.72	67.53
26/01/2018	14.95	38.21	12.92	2.14	70.56	1.18	6.33	44.63	20.40	68.57
29/01/2018	15.09	38.90	12.84	2.03	68.35	1.16	6.66	44.29	21.12	69.91
30/01/2018	14.78	39.17	12.90	2.03	67.09	1.17	6.67	44.09	20.52	69.16
31/01/2018	14.98	39.87	12.95	2.20	67.17	1.14	6.33	44.02	20.04	70.86
01/02/2018	14.84	39.49	12.82	2.17	67.55	1.14	6.07	44.19	20.52	69.85
02/02/2018	14.49	38.44	12.46	2.07	66.44	1.08	5.82	43.04	19.92	68.75
05/02/2018	13.82	36.86	12.02	2.30	63.50	1.02	5.61	42.17	18.60	66.63
06/02/2018	14.15	37.23	12.25	2.31	63.48	1.00	5.55	41.89	18.48	66.79
07/02/2018	14.13	35.88	12.15	2.53	62.94	1.01	5.54	41.98	19.32	69.00
08/02/2018	13.39	34.68	11.82	2.28	60.69	1.00	5.33	40.90	19.08	63.05
09/02/2018	13.84	33.83	11.99	2.29	61.22	1.03	5.37	40.92	19.80	62.08
12/02/2018	13.73	35.30	12.11	2.66	62.52	1.07	6.00	41.48	21.24	63.15
13/02/2018	13.59	36.15	12.08	2.85	64.22	1.04	5.97	41.76	21.60	64.73
14/02/2018	13.81	36.34	12.31	2.67	65.24	1.14	6.42	42.31	21.60	64.46
15/02/2018	13.76	36.47	12.38	2.76	65.82	1.16	6.53	43.10	21.12	66.81
16/02/2018	13.95	36.55	12.40	2.82	65.85	1.13	6.78	43.27	20.88	67.10
20/02/2018	13.66	35.93	12.39	2.55	66.58	1.09	6.73	42.99	20.64	66.95
21/02/2018	13.43	34.65	12.33	2.63	66.70	1.11	7.06	43.20	20.76	66.66
22/02/2018	13.55	34.60	12.35	2.43	66.28	1.06	6.69	42.90	20.52	69.23
23/02/2018	13.54	35.75	12.48	2.47	61.79	1.08	6.87	43.02	20.76	70.41
26/02/2018	13.69	35.43	12.59	2.68	65.10	1.11	7.05	43.34	20.52	71.48
27/02/2018	13.55	35.39	12.43	2.79	63.48	1.09	6.75	42.96	19.56	70.20
28/02/2018	13.18	35.16	12.34	3.32	62.85	1.09	6.69	42.33	19.80	68.61
01/03/2018	13.10	35.39	12.22	3.31	62.09	1.10	6.94	41.84	19.92	66.19
02/03/2018	13.19	34.24	12.20	3.43	64.33	1.09	7.06	41.77	20.16	67.02
05/03/2018	13.47	34.09	12.25	3.71	66.05	1.08	7.20	42.33	20.52	66.67
06/03/2018	13.68	33.56	12.29	3.85	67.45	1.09	7.43	42.74	21.12	65.64
07/03/2018	13.56	34.16	12.33	3.92	67.95	1.09	6.76	43.00	20.52	66.46
08/03/2018	13.57	34.06	12.38	3.79	67.69	1.06	6.91	43.31	21.60	65.82
09/03/2018	13.96	34.42	12.49	3.87	67.90	1.13	7.15	43.80	21.84	65.43
12/03/2018	14.11	34.73	12.58	4.05	70.05	1.15	7.20	43.90	22.20	69.10
13/03/2018	13.48	34.59	12.46	3.98	69.15	1.57	7.27	43.57	21.60	68.37
14/03/2018	13.33	35.30	12.62	4.25	69.52	1.56	7.65	43.56	20.88	65.33
15/03/2018	13.42	35.05	12.56	4.41	68.74	1.37	7.46	43.50	20.52	65.12
16/03/2018	13.37	36.11	12.54	4.72	69.87	1.29	7.66	43.54	21.60	64.27
19/03/2018	13.15	35.66	12.51	4.74	71.26	1.45	7.63	43.28	22.20	62.71
20/03/2018	12.74	36.31	12.60	4.76	73.00	1.44	8.05	43.52	22.20	62.11
21/03/2018	12.97	36.67	12.67	4.71	73.87	1.39	8.64	43.83	21.72	63.31
22/03/2018	12.47	36.50	12.39	4.73	72.09	1.37	8.47	42.30	21.60	61.82
23/03/2018	12.21	36.21	12.32	4.83	70.65	1.29	8.43	41.87	21.36	60.31
26/03/2018	12.04	36.95	12.59	4.92	74.02	1.27	8.73	42.79	21.84	60.84
27/03/2018	12.56	36.57	12.49	5.08	71.51	1.27	8.76	41.91	21.00	55.84
28/03/2018	12.78	36.64	12.53	4.59	69.32	1.21	8.69	41.70	20.64	51.56
29/03/2018	12.59	35.83	12.60	4.57	70.98	1.20	8.93	42.33	20.76	53.23
02/04/2018	12.26	35.76	12.41	4.51	69.39	1.22	9.08	41.15	20.76	50.50
03/04/2018	12.27	36.02	12.55	4.24	69.76	1.32	9.16	41.51	20.40	53.51
04/04/2018	12.41	35.87	12.61	4.42	70.19	1.38	9.82	41.60	20.76	57.39
05/04/2018	12.55	36.12	12.69	4.36	71.64	1.40	9.94	42.12	21.36	61.14
06/04/2018	12.20	35.36	12.69	4.14	69.70	1.39	8.52	41.47	21.60	59.86
09/04/2018	11.99	35.59	12.88	4.15	70.85	1.35	8.19	42.01	22.32	57.93
10/04/2018	12.19	34.90	12.90	4.00	70.79	1.40	8.20	42.20	23.52	60.94
11/04/2018	12.12	34.59	12.88	3.96	71.25	1.39	8.28	42.25	25.08	60.19
12/04/2018	12.31	34.31	12.86	4.07	71.23	1.40	8.47	42.52	24.48	58.82
13/04/2018	12.60	34.47	12.98	3.94	70.68	1.42	8.50	42.28	24.12	60.07
16/04/2018	12.45	35.16	12.96	3.96	70.12	1.35	8.63	42.43	24.36	58.24
17/04/2018	12.88	35.77	12.98	4.26	72.68	1.40	8.75	43.10	24.48	57.54
18/04/2018	12.76	35.90	12.99	4.25	77.58	1.38	9.11	43.17	24.96	58.67
19/04/2018	13.07	35.74	12.99	4.58	76.96	1.39	8.91	43.05	24.48	60.02
20/04/2018	13.58	35.66	12.96	4.91	75.51	1.35	9.27	42.77	23.88	58.05
23/04/2018	13.57	36.17	12.81	4.96	74.37	1.32	8.82	42.65	23.76	56.67
24/04/2018	13.72	36.37	12.81	4.46	74.07	1.33	8.88	42.16	23.40	56.69
25/04/2018	13.13	37.26	12.79	4.39	73.58	1.30	8.99	41.90	22.68	56.14
26/04/2018	13.43	38.04	13.01	4.38	75.08	1.33	9.08	42.08	22.68	57.10
27/04/2018	13.43	38.16	13.17	4.26	77.95	1.33	9.25	42.07	23.04	58.82
30/04/2018	13.15	37.34	13.18	4.15	70.91	1.28	9.22	41.80	22.32	58.78
01/05/2018	13.13	37.62	13.14	4.06	67.51	1.27	9.08	41.63	23.04	59.98
02/05/2018	13.25	37.48	13.18	4.63	68.02	1.34	9.06	42.09	22.92	60.23
03/05/2018	13.01	38.29	13.23	4.50	65.98	1.35	8.89	41.81	22.80	56.89
04/05/2018	13.17	39.05	13.25	4.30	66.37	1.33	8.98	42.38	23.40	58.82
07/05/2018	13.15	39.03	13.25	4.59	67.15	1.35	9.33	42.72	23.52	60.55
08/05/2018	13.33	39.11	13.05	4.49	67.26	1.39	9.43	42.75	22.80	60.39
09/05/2018	13.66	39.39	13.06	4.68	69.43	1.38	9.83	42.96	23.16	61.37
10/05/2018	13.72	40.49	13.22	5.21	73.01	1.28	11.50	43.64	23.28	61.00
11/05/2018	13.64	40.06	13.16	5.09	72.78	1.23	10.69	43.66	23.40	60.21
14/05/2018	13.74	39.04	13.19	5.18	73.54	1.19	10.89	43.53	23.04	58.39
15/05/2018	13.74	38.72	13.18	5.30	73.44	1.20	10.85	43.37	21.84	56.84
16/05/2018	14.04	39.01	13.12	5.60	72.77	1.17	10.64	43.68	22.80	57.30
17/05/2018	14.04	38.77	13.17	5.53	71.39	1.19	10.86	43.94	22.68	56.91
18/05/2018	13.99	39.15	13.19	5.34	70.00	1.20	10.98	43.80	22.68	55.36
21/05/2018	14.26	39.36	13.26	5.50	70.92	1.20	10.91	44.13	22.68	56.90
22/05/2018	14.29	39.18	13.23	5.54	69.99	1.19	10.88	44.03	23.04	55.00
23/05/2018	13.25	39.51	13.19	5.65	68.42	1.17	10.89	43.67	22.80	55.81
24/05/2018	13.64	39.68	13.01	5.80	68.37	1.15	11.01	43.58	22.56	55.57
25/05/2018	13.67	39.87	12.73	5.61	68.25	1.15	10.91	43.35	22.32	55.77
29/05/2018	13.25	40.09	12.49	5.85	69.21	1.13	11.00	42.69	21.96	56.75
30/05/2018	13.24	40.82	12.71	6.23	69.04	1.13	11.50	43.23	22.32	58.34
31/05/2018	13.15	40.68	12.76	5.73	67.61	1.15	12.10	43.05	22.44	56.95
01/06/2018	13.17	39.86	12.75	5.78	65.93	1.15	12.27	43.39	23.16	58.36
04/06/2018	12.81	39.74	12.66	5.79	61.74	1.09	12.32	43.50	23.28	59.35
05/06/2018	12.89	39.93	12.66	5.62	58.24	1.16	12.82	43.71	23.04	58.23
06/06/2018	12.74	39.67	12.68	5.30	55.53	1.11	12.57	44.03	23.04	63.90
07/06/2018	12.87	39.25	12.56	5.32	53.28	1.14	12.28	43.54	20.88	63.22
08/06/2018	13.01	39.84	12.48	5.03	52.67	1.12	12.69	43.52	21.00	63.53
11/06/2018	13.06	39.49	12.53	4.62	51.82	1.14	12.64	43.74	21.12	66.42
12/06/2018	13.06	39.82	12.53	4.50	53.85	1.16	13.49	43.43	21.96	68.55
13/06/2018	12.98	39.09	12.52	5.98	52.69	1.16	13.98	43.55	21.96	68.96
14/06/2018	12.74	39.42	12.46	6.44	53.71	1.15	14.18	43.62	21.24	71.54
15/06/2018	12.54	39.31	12.45	5.69	51.06	1.10	13.63	43.39	20.16	71.63
18/06/2018	12.44	40.12	12.36	6.10	51.83	1.15	13.82	43.06	19.92	74.17
19/06/2018	12.21	41.12	12.26	6.20	52.23	1.10	13.78	42.76	20.04	70.51
20/06/2018	12.14	40.72	12.28	6.16	51.67	1.12	13.86	43.01	19.92	72.44
21/06/2018	12.03	40.70	12.14	6.22	52.31	1.10	13.69	42.32	16.44	69.50
22/06/2018	12.30	41.09	12.24	6.62	52.65	1.11	13.87	42.36	17.40	66.73
25/06/2018	12.02	42.08	12.10	6.98	52.64	1.07	13.45	41.60	16.68	66.60
26/06/2018	12.95	42.02	11.99	7.30	51.91	1.07	13.50	41.60	16.44	68.40
27/06/2018	13.16	42.24	11.87	6.81	50.98	1.00	13.10	41.51	15.84	68.90
28/06/2018	13.04	41.07	11.85	6.95	52.13	1.04	13.05	41.45	16.08	69.99
29/06/2018	12.83	42.23	12.05	6.73	52.66	1.08	13.15	41.71	15.84	68.59
02/07/2018	12.60	42.03	11.94	7.14	53.05	1.04	14.17	41.35	16.08	67.01
03/07/2018	12.60	42.69	12.07	7.03	52.36	0.99	14.18	41.48	16.20	62.17
05/07/2018	12.66	42.41	12.08	7.01	53.30	1.03	14.99	41.78	16.92	61.83
06/07/2018	13.05	42.63	12.25	7.03	54.53	0.98	15.49	42.32	16.80	61.78
09/07/2018	13.15	42.17	12.38	7.40	54.83	0.97	15.95	42.56	16.80	63.70
10/07/2018	13.36	42.29	12.33	7.48	55.22	0.98	15.79	42.69	16.20	64.49
11/07/2018	13.19	42.30	12.20	7.04	54.72	1.00	15.96	42.18	15.96	63.79
12/07/2018	13.19	42.03	12.28	7.02	54.70	1.04	15.96	42.37	16.08	63.34
13/07/2018	13.09	41.62	12.30	7.04	54.06	1.00	15.75	42.66	15.96	63.77
16/07/2018	13.10	41.39	12.30	6.73	54.01	0.98	15.94	42.21	15.84	62.02
17/07/2018	12.90	41.30	12.34	6.63	53.75	0.99	15.17	42.44	15.96	64.54
18/07/2018	12.96	41.32	12.32	6.69	54.00	1.00	15.16	42.49	17.40	64.77
19/07/2018	12.94	41.36	12.27	7.02	53.88	1.00	15.45	42.90	17.16	64.05
20/07/2018	12.37	40.96	12.39	6.76	53.48	0.97	14.38	42.73	16.92	62.72
23/07/2018	12.24	40.97	12.40	6.72	52.62	1.00	14.54	42.49	16.44	60.64
24/07/2018	12.37	40.85	12.33	6.62	53.05	0.98	14.74	42.58	16.20	59.49
25/07/2018	12.36	40.96	12.44	6.48	54.04	1.01	15.11	43.02	16.44	61.75
26/07/2018	12.39	42.42	12.40	6.18	53.67	1.01	15.23	43.27	16.08	61.33
27/07/2018	12.31	42.46	12.40	5.59	51.65	1.00	14.61	42.95	15.60	59.44
30/07/2018	12.40	42.36	12.42	5.68	51.57	1.04	13.85	42.83	15.24	58.03
31/07/2018	12.85	42.59	12.54	5.95	52.35	0.98	14.14	43.12	15.60	59.63
01/08/2018	12.48	42.44	12.41	5.59	53.38	0.99	14.32	42.70	15.96	60.17
02/08/2018	12.41	42.75	12.32	5.70	53.59	1.00	14.77	42.94	15.48	69.91
03/08/2018	12.39	43.04	12.30	5.36	52.84	0.97	13.84	42.85	15.00	69.63
06/08/2018	12.35	43.81	12.15	5.76	53.57	0.99	13.91	42.65	14.52	68.40
07/08/2018	12.40	42.93	12.19	5.87	53.60	0.99	14.02	42.88	13.92	75.91
08/08/2018	12.30	42.84	12.22	5.75	54.46	1.03	14.29	42.80	12.96	74.07
09/08/2018	12.20	43.36	12.23	5.68	54.45	1.03	14.34	42.81	14.40	70.49
10/08/2018	12.04	43.10	11.97	5.71	52.79	1.03	13.29	42.28	14.16	71.10
13/08/2018	11.73	43.09	11.92	5.37	52.47	1.03	13.21	42.10	13.20	71.28
14/08/2018	11.64	43.64	11.87	5.05	52.01	1.03	13.16	42.12	12.84	69.53
15/08/2018	11.52	43.49	11.73	4.89	50.70	1.00	13.26	41.44	12.36	67.74
16/08/2018	11.59	43.49	11.72	4.98	50.86	0.98	13.39	41.77	13.68	67.09
17/08/2018	11.59	44.23	11.87	4.77	51.00	1.01	12.97	42.07	14.04	61.10
20/08/2018	11.59	45.43	11.95	4.97	52.32	1.02	13.88	42.46	13.44	61.69
21/08/2018	11.90	45.71	12.16	4.91	52.93	0.98	13.98	43.00	13.32	64.38
22/08/2018	11.75	44.53	12.12	4.94	52.55	1.04	14.32	43.00	13.56	64.33
23/08/2018	11.82	43.84	12.03	4.90	51.57	1.02	13.57	42.89	13.68	64.02
24/08/2018	11.78	44.53	12.16	4.91	52.08	1.12	14.16	43.56	13.80	64.56
27/08/2018	12.04	44.17	12.31	4.79	52.61	1.11	13.97	44.00	12.96	63.85
28/08/2018	12.03	43.14	12.35	5.01	51.94	1.12	13.39	44.06	12.84	62.37
29/08/2018	12.23	43.28	12.35	5.21	53.07	1.15	13.52	44.13	12.96	61.00
30/08/2018	12.04	44.21	12.22	4.71	52.16	1.17	13.10	44.02	13.44	60.63
31/08/2018	12.20	44.30	12.15	4.89	52.08	1.18	13.12	43.93	14.04	60.33
04/09/2018	11.94	44.19	12.08	4.89	51.31	1.17	12.78	43.42	13.68	57.79
05/09/2018	11.84	44.53	12.01	4.61	51.26	1.16	12.64	43.35	14.40	56.15
06/09/2018	11.79	44.60	12.00	4.43	50.15	1.12	12.33	43.40	13.80	56.19
07/09/2018	11.69	43.69	11.89	4.45	48.51	1.16	12.26	42.84	13.44	52.65
10/09/2018	11.79	44.11	12.00	4.42	48.16	1.23	11.95	43.40	12.72	57.10
11/09/2018	11.62	43.75	11.95	4.47	48.45	1.28	12.70	43.23	12.72	55.89
12/09/2018	11.89	45.23	11.96	4.41	48.90	1.27	13.10	43.27	12.96	58.11
13/09/2018	11.98	45.26	11.91	4.10	48.41	1.30	13.09	43.38	13.08	57.89
14/09/2018	12.07	44.34	11.87	4.03	48.21	1.34	13.13	43.79	12.72	59.04
17/09/2018	12.08	44.34	11.92	3.89	47.75	1.40	12.56	43.26	12.60	58.97
18/09/2018	12.05	43.73	11.99	4.36	49.55	1.42	12.89	43.23	12.84	56.99
19/09/2018	12.24	43.64	12.00	4.23	49.60	1.41	12.75	43.24	12.84	59.80
20/09/2018	11.86	44.17	12.03	4.42	50.29	1.30	12.84	43.69	13.32	59.67
21/09/2018	11.58	44.43	12.07	4.40	49.98	1.35	12.50	43.84	12.96	59.82
24/09/2018	11.17	43.72	12.02	4.21	50.23	1.33	12.51	43.34	12.84	59.94
25/09/2018	10.72	43.67	11.93	4.62	49.65	1.30	12.52	43.24	13.56	60.20
26/09/2018	10.84	43.46	11.93	4.54	48.55	1.30	12.46	42.93	13.20	61.92
27/09/2018	10.97	43.97	11.94	4.94	48.52	1.28	12.07	42.73	13.08	61.50
28/09/2018	10.74	44.30	11.91	4.85	48.42	1.30	12.44	43.12	12.84	52.95
01/10/2018	11.50	43.82	11.81	4.96	48.98	1.30	12.24	42.55	13.20	62.14
02/10/2018	11.72	44.30	11.71	4.99	49.23	1.34	13.54	42.31	12.72	60.20
03/10/2018	11.88	44.22	11.72	4.93	48.30	1.34	12.85	42.49	13.08	58.96
04/10/2018	12.05	42.74	11.57	4.64	47.65	1.32	12.59	41.70	12.84	56.37
05/10/2018	12.54	42.85	11.44	4.51	46.97	1.35	12.48	41.31	12.48	52.39
08/10/2018	12.95	42.85	11.35	4.63	47.27	1.30	11.99	40.78	12.36	50.11
09/10/2018	12.89	42.12	11.32	4.54	47.13	1.32	12.12	40.49	12.48	52.56
10/10/2018	12.64	41.22	11.07	4.33	46.36	1.28	11.19	38.64	11.88	51.38
11/10/2018	12.10	41.12	10.96	4.50	45.37	1.23	11.38	38.53	11.52	50.45
12/10/2018	11.72	42.18	10.91	4.60	45.53	1.28	12.22	38.47	11.52	51.76
15/10/2018	11.56	42.23	10.98	4.94	46.12	1.21	12.41	38.79	12.00	51.92
16/10/2018	11.51	42.56	11.16	4.89	47.61	1.22	13.16	39.86	11.88	55.32
17/10/2018	11.60	42.23	11.14	4.92	47.22	1.27	13.05	39.59	11.88	54.36
18/10/2018	11.78	42.62	11.01	4.87	46.71	1.23	12.72	38.86	11.64	52.78
19/10/2018	11.95	43.03	11.07	4.74	46.59	1.23	12.73	38.61	11.40	52.00
22/10/2018	11.78	43.14	11.07	4.70	45.35	1.17	12.79	38.69	10.56	52.19
23/10/2018	12.08	42.12	10.97	4.51	44.19	1.17	12.38	38.13	9.96	58.83
24/10/2018	11.58	42.00	10.82	4.26	42.43	1.15	11.75	36.91	9.48	57.70
25/10/2018	11.23	40.59	10.86	4.40	43.52	1.16	11.86	37.35	10.44	62.97
26/10/2018	10.75	39.01	10.76	4.19	39.38	1.15	11.44	37.28	10.20	66.18
29/10/2018	10.62	39.33	10.66	4.15	36.92	1.25	11.50	37.33	10.08	66.97
30/10/2018	9.69	40.85	10.65	4.24	39.78	1.23	11.96	37.75	10.56	65.98
31/10/2018	9.61	41.58	10.75	4.54	41.80	1.20	12.26	38.58	10.20	67.46
01/11/2018	9.12	42.01	11.07	4.91	41.46	1.25	12.60	39.39	10.68	68.86
02/11/2018	8.84	42.24	11.05	5.15	43.00	1.23	13.12	39.52	10.44	69.28
05/11/2018	8.83	42.38	11.02	5.39	43.93	1.25	12.66	39.44	10.80	68.28
06/11/2018	8.96	42.43	11.30	5.15	42.83	1.31	12.97	39.86	11.04	68.21
07/11/2018	8.75	44.20	11.68	5.64	44.17	1.45	13.19	40.74	11.28	69.63
08/11/2018	8.66	44.06	11.59	5.81	42.67	1.48	12.59	40.84	10.92	70.28
09/11/2018	8.16	44.04	11.54	5.56	42.22	1.49	12.30	40.11	10.56	70.10
12/11/2018	7.60	44.03	11.45	5.43	42.71	1.46	12.44	39.56	10.44	66.26
13/11/2018	8.19	43.08	11.43	5.44	42.45	1.35	12.13	39.39	10.44	67.75
14/11/2018	7.92	41.06	11.39	5.40	42.54	1.30	12.59	39.31	10.56	68.80
15/11/2018	7.77	40.62	11.41	5.54	44.08	1.28	13.12	39.93	10.56	69.69
16/11/2018	7.63	43.75	11.46	5.45	44.37	1.26	13.07	39.83	10.20	70.86
19/11/2018	7.46	43.02	11.33	5.29	43.94	1.28	12.79	39.35	9.96	70.69
20/11/2018	7.28	42.59	11.18	4.92	42.05	1.25	11.80	38.34	8.52	69.50
21/11/2018	7.43	43.49	11.31	5.08	42.60	1.21	12.29	39.16	9.24	67.64
23/11/2018	7.20	43.08	11.30	5.21	43.34	1.20	12.42	38.97	9.24	65.17
26/11/2018	7.21	43.16	11.44	5.30	43.43	1.22	13.03	39.47	8.40	69.20
27/11/2018	7.08	43.28	11.50	5.32	44.87	1.19	14.11	39.29	8.04	68.78
28/11/2018	7.36	42.78	11.66	5.57	45.40	1.23	14.53	40.28	8.16	69.57
29/11/2018	7.56	42.66	11.58	5.42	44.34	1.28	14.70	40.34	8.52	68.23
30/11/2018	7.14	43.07	11.63	5.40	44.45	1.21	14.65	40.29	8.40	70.10
03/12/2018	7.43	42.86	11.72	5.78	46.40	1.28	14.91	40.92	8.04	71.70
04/12/2018	6.93	43.25	11.51	5.66	44.50	1.30	14.28	39.27	7.68	71.94
06/12/2018	6.99	43.00	11.47	5.87	43.71	1.26	14.61	38.67	7.68	72.61
07/12/2018	6.67	42.75	11.43	5.68	42.59	1.28	13.96	38.03	7.56	71.59
10/12/2018	6.59	42.86	11.34	5.68	43.21	1.26	14.14	37.73	6.96	73.03
11/12/2018	6.43	42.52	11.36	5.70	42.45	1.26	14.12	37.77	7.08	73.35
12/12/2018	6.38	42.70	11.42	5.80	43.60	1.21	14.41	38.47	7.08	73.32
13/12/2018	6.85	42.38	11.53	5.76	45.30	1.28	14.26	38.21	6.72	75.36
14/12/2018	6.76	41.73	11.45	5.68	43.64	1.25	13.02	37.45	6.72	73.14
17/12/2018	6.80	38.95	11.40	5.53	42.04	1.24	13.11	36.79	5.88	69.68
18/12/2018	6.93	38.82	11.28	5.25	43.23	1.24	12.40	37.04	6.12	67.41
19/12/2018	7.30	38.19	11.19	5.19	42.25	1.25	11.94	36.45	6.24	66.59
20/12/2018	7.09	38.16	11.02	5.00	42.37	1.24	10.48	35.82	5.76	63.08
21/12/2018	6.81	39.39	10.82	4.74	40.55	1.22	10.90	35.39	6.36	63.95
24/12/2018	6.59	36.79	10.68	4.64	39.24	1.21	10.52	34.82	6.24	59.08
26/12/2018	7.04	38.32	10.93	4.99	41.99	1.21	11.16	35.89	6.96	65.22
27/12/2018	6.93	37.33	10.86	4.90	42.30	1.18	10.91	36.02	6.60	63.23
28/12/2018	7.16	38.34	10.92	4.83	42.39	1.23	10.60	36.33	7.32	66.77
31/12/2018	7.21	39.71	11.03	4.73	42.46	1.19	10.89	36.46	6.60	66.56
02/01/2019	7.67	38.74	10.99	4.92	42.56	1.25	10.98	36.55	6.84	62.02
03/01/2019	7.68	39.39	10.88	4.76	43.44	1.19	9.78	35.60	6.60	60.07
04/01/2019	7.84	41.34	11.09	5.08	46.32	1.27	10.38	36.88	6.72	63.54
07/01/2019	8.33	40.29	11.21	5.26	45.79	1.20	10.56	37.29	6.96	66.99
08/01/2019	8.16	39.78	11.37	5.35	46.23	1.27	10.71	37.82	7.08	67.07
09/01/2019	8.10	39.68	11.47	5.63	46.96	1.25	11.47	38.36	6.72	67.71
10/01/2019	8.52	40.68	11.56	5.63	47.74	1.31	11.51	38.58	6.60	68.99
11/01/2019	8.52	40.37	11.50	5.68	47.50	1.36	11.65	38.47	6.24	69.45
14/01/2019	8.48	38.01	11.45	5.82	46.73	1.32	11.73	38.05	6.48	66.88
15/01/2019	8.32	38.54	11.45	6.15	46.86	1.31	11.74	38.14	6.72	68.89
16/01/2019	8.56	39.39	11.47	6.68	47.30	1.29	11.69	38.40	6.48	69.21
17/01/2019	8.71	39.42	11.54	6.82	48.38	1.17	12.07	38.57	6.48	69.46
18/01/2019	8.63	39.63	11.64	6.53	47.94	1.20	12.16	39.41	6.72	60.45
22/01/2019	8.25	39.32	11.60	6.59	46.21	1.20	11.78	38.67	6.36	59.78
23/01/2019	8.32	39.08	11.72	6.51	46.54	1.22	11.92	38.61	6.24	57.52
24/01/2019	8.37	39.90	11.87	6.66	48.60	1.18	12.01	39.06	6.24	58.30
25/01/2019	8.73	37.40	11.94	6.72	49.86	1.19	12.19	39.77	6.48	59.41
28/01/2019	8.51	38.20	11.91	6.90	50.70	1.20	12.24	39.29	6.48	59.28
29/01/2019	8.48	38.17	12.12	7.10	50.08	1.21	12.23	39.70	6.24	59.49
30/01/2019	8.67	37.21	12.18	7.16	50.71	1.21	12.40	40.11	6.36	61.75
31/01/2019	9.68	37.04	12.35	7.23	50.59	1.24	13.30	40.29	6.12	61.40
01/02/2019	9.71	37.82	12.45	7.00	48.43	1.23	13.32	40.43	6.12	62.44
04/02/2019	9.73	38.72	12.39	7.00	49.29	1.27	13.66	40.54	5.76	62.58
05/02/2019	10.13	37.75	12.46	7.30	49.31	1.23	13.92	40.92	5.64	64.27
06/02/2019	9.98	37.06	12.39	7.32	48.89	1.18	14.33	41.05	5.76	63.44
07/02/2019	9.59	38.18	12.23	7.48	48.00	1.21	14.60	40.31	5.52	61.50
08/02/2019	9.35	38.01	12.17	7.44	48.10	1.21	14.68	40.03	5.40	61.16
11/02/2019	9.56	38.82	12.21	7.73	49.72	1.22	14.90	40.11	5.28	62.57
12/02/2019	9.51	38.77	12.29	7.60	50.26	1.22	14.93	40.80	5.28	62.36
13/02/2019	9.88	38.43	12.33	7.68	50.64	1.23	15.15	41.18	5.76	61.63
14/02/2019	9.57	38.95	12.39	7.66	51.02	1.24	15.10	41.24	6.60	60.75
15/02/2019	9.61	39.96	12.41	7.65	49.18	1.24	15.26	41.75	7.44	61.58
19/02/2019	9.65	39.72	12.50	7.56	52.06	1.28	15.47	41.93	9.00	61.13
20/02/2019	9.62	39.85	12.48	7.23	51.69	1.22	15.46	42.37	10.56	60.51
21/02/2019	9.56	40.26	12.49	7.37	51.95	1.24	15.50	42.12	6.96	58.25
22/02/2019	9.69	39.71	12.54	7.78	53.73	1.27	15.82	42.32	7.08	58.94
25/02/2019	10.31	39.72	12.55	8.06	51.77	1.27	15.71	42.38	6.00	59.75
26/02/2019	10.56	39.68	12.62	8.09	51.89	1.27	15.64	42.43	5.52	59.57
27/02/2019	10.78	39.60	12.55	8.87	52.38	1.27	15.59	42.41	5.64	62.95
28/02/2019	10.30	40.28	12.50	9.07	52.55	1.23	15.51	42.14	5.64	63.98
01/03/2019	10.18	39.98	12.50	9.10	53.41	1.41	15.96	42.31	5.64	58.96
04/03/2019	10.29	41.60	12.47	8.78	52.49	1.35	16.30	42.28	5.88	57.07
05/03/2019	9.80	41.62	12.53	8.70	52.19	1.35	15.57	42.08	5.76	55.31
06/03/2019	9.03	42.14	12.49	8.38	51.37	1.36	15.21	41.69	5.76	55.25
07/03/2019	9.36	42.28	12.42	8.29	50.36	1.28	14.83	41.17	5.16	55.32
08/03/2019	9.50	42.52	12.35	8.46	51.16	1.35	14.73	40.97	5.04	56.83
11/03/2019	9.82	42.95	12.50	8.84	53.62	1.35	14.86	41.37	5.04	58.18
12/03/2019	9.68	43.13	12.67	9.00	53.93	1.31	14.73	41.56	4.80	56.67
13/03/2019	9.94	43.18	12.71	9.36	54.71	1.33	14.73	41.81	4.68	57.79
14/03/2019	10.22	42.99	12.74	9.38	54.44	1.31	14.57	41.63	4.44	57.99
15/03/2019	9.88	43.02	12.72	9.05	53.71	1.35	14.77	41.87	4.32	55.09
18/03/2019	10.12	43.20	12.76	9.67	54.68	1.33	14.83	42.18	4.20	53.90
19/03/2019	10.11	42.66	12.67	9.20	55.45	1.27	14.68	42.31	4.08	53.49
20/03/2019	10.14	42.69	12.76	9.18	55.65	1.32	14.85	42.18	3.72	54.72
21/03/2019	10.19	42.58	12.74	9.38	54.81	1.52	15.10	42.41	4.08	54.80
22/03/2019	9.90	42.64	12.50	9.19	52.41	1.65	14.25	41.13	3.72	52.91
25/03/2019	9.80	43.45	12.50	9.03	51.72	1.85	14.08	41.00	3.72	52.08
26/03/2019	10.02	43.67	12.52	8.71	50.92	1.72	14.23	41.29	3.60	53.55
27/03/2019	9.88	44.28	12.62	8.80	51.19	1.76	14.23	41.31	3.48	54.97
28/03/2019	9.81	43.56	12.62	9.08	52.02	1.76	14.27	41.42	3.12	55.72
29/03/2019	9.91	43.50	12.64	9.23	52.84	1.67	14.06	41.76	3.00	55.97
01/04/2019	10.02	43.86	12.70	9.26	54.11	1.76	14.18	42.51	3.24	57.84
02/04/2019	10.16	43.74	12.74	9.35	53.90	1.86	14.22	42.63	3.12	57.18
03/04/2019	10.02	43.92	12.84	9.69	54.85	2.19	14.87	43.01	3.36	58.36
04/04/2019	9.95	44.55	12.82	9.52	55.38	2.16	14.82	43.07	3.48	53.56
05/04/2019	9.93	44.97	12.85	9.84	56.29	2.40	15.24	43.44	3.72	54.99
08/04/2019	9.41	44.13	12.85	10.24	57.08	2.72	15.39	43.53	3.60	54.64
09/04/2019	9.15	44.21	12.82	10.03	56.13	2.80	14.96	43.03	3.36	54.46
10/04/2019	9.09	43.96	12.85	10.15	60.77	2.43	15.84	43.34	3.48	55.21
11/04/2019	9.05	44.39	12.76	9.80	60.63	2.58	15.86	43.36	3.48	53.68
12/04/2019	8.93	44.31	12.76	9.93	60.18	2.58	15.68	43.80	3.36	53.54
15/04/2019	8.91	44.58	12.83	9.59	60.23	2.54	15.62	44.00	3.36	53.28
16/04/2019	9.07	43.97	12.82	9.66	60.51	2.35	16.08	44.26	3.00	54.67
17/04/2019	9.05	43.80	12.81	9.73	60.66	2.28	16.51	44.45	2.64	54.25
18/04/2019	9.28	44.01	12.80	9.45	59.85	2.44	16.27	44.63	2.64	54.65
22/04/2019	9.25	43.77	12.81	9.28	59.96	2.45	16.27	44.60	2.76	52.55
23/04/2019	9.26	43.06	12.82	9.75	61.62	2.66	16.69	44.72	3.12	52.78
24/04/2019	9.25	42.82	12.78	9.83	61.82	2.73	16.91	44.61	3.48	51.73
25/04/2019	9.05	42.75	12.74	9.91	61.25	2.70	16.93	44.18	3.00	49.53
26/04/2019	9.49	43.55	12.76	10.43	61.54	2.72	17.10	44.36	2.88	47.03
29/04/2019	9.65	42.92	12.80	10.21	61.84	2.66	17.13	44.70	2.64	48.29
30/04/2019	10.09	42.93	12.95	10.04	61.53	2.63	15.21	44.75	3.12	47.74
01/05/2019	10.02	42.70	12.88	12.98	60.87	2.56	15.34	44.46	2.88	46.80
02/05/2019	10.17	42.17	12.64	12.93	59.86	2.29	15.44	44.12	2.76	48.82
03/05/2019	10.42	42.79	12.81	13.83	61.76	2.44	16.00	44.91	2.88	51.01
06/05/2019	10.35	42.74	12.66	13.75	60.29	2.48	16.46	44.46	2.76	51.07
07/05/2019	10.03	42.33	12.54	14.21	61.69	2.62	16.75	43.97	2.64	49.41
08/05/2019	10.08	41.76	12.56	13.93	60.33	2.65	16.60	43.85	2.40	48.97
09/05/2019	9.96	41.98	12.48	13.56	58.92	2.60	15.53	43.33	1.64	48.40
10/05/2019	10.05	42.12	12.56	14.02	59.99	2.60	15.07	43.70	1.70	47.90
13/05/2019	9.79	42.93	12.30	13.69	58.40	2.48	14.30	42.11	1.51	45.40
14/05/2019	10.24	42.62	12.43	14.02	59.33	1.61	14.77	42.53	1.27	46.46
15/05/2019	10.18	42.93	12.48	14.58	59.86	1.50	14.78	42.93	1.26	46.39
16/05/2019	10.05	42.58	12.50	14.82	60.67	1.58	16.07	43.28	1.23	45.67
17/05/2019	9.92	42.72	12.46	14.65	58.38	1.60	15.80	42.67	1.10	42.21
20/05/2019	9.80	42.71	12.30	14.31	57.77	1.51	15.71	42.14	1.32	41.07
21/05/2019	9.88	43.15	12.50	14.88	58.94	1.50	16.62	42.85	1.20	41.02
22/05/2019	9.82	43.19	12.52	15.22	59.06	1.56	16.70	42.86	1.19	38.55
23/05/2019	9.48	43.09	12.35	14.68	57.33	1.59	15.45	42.04	1.27	39.10
24/05/2019	9.37	43.49	12.49	15.36	57.31	1.75	15.64	42.31	1.25	38.13
28/05/2019	9.29	42.65	12.49	15.81	58.35	1.63	15.49	42.15	1.35	37.74
29/05/2019	9.30	42.36	12.34	16.29	57.86	1.54	15.58	41.77	1.28	37.97
30/05/2019	9.39	41.54	12.35	15.77	59.64	1.52	15.95	42.06	1.25	37.64
31/05/2019	9.36	41.71	12.27	15.17	58.04	1.51	15.66	41.60	1.19	37.03
03/06/2019	9.45	42.01	12.41	15.71	58.75	1.58	15.89	41.94	1.16	35.79
04/06/2019	9.92	42.75	12.53	15.97	60.87	1.70	16.00	42.65	1.17	38.72
05/06/2019	9.81	43.58	12.60	15.92	60.93	1.67	16.18	42.92	0.78	39.32
06/06/2019	9.84	43.84	12.60	15.68	61.42	1.68	16.19	42.96	0.64	41.19
07/06/2019	9.90	43.84	12.82	16.36	62.53	1.69	16.34	43.36	0.58	40.90
10/06/2019	9.97	43.05	12.82	16.19	63.16	1.71	16.60	43.67	0.44	42.58
11/06/2019	10.04	42.70	12.88	17.07	64.25	1.57	16.51	43.71	0.40	43.42
12/06/2019	10.20	43.00	12.84	17.08	59.88	1.54	16.30	43.66	0.51	41.85
13/06/2019	10.23	43.26	12.90	17.51	62.15	1.49	16.90	43.81	0.43	42.78
14/06/2019	10.15	43.88	12.83	17.33	61.24	1.38	16.46	43.35	0.36	42.98
17/06/2019	9.97	44.15	12.79	17.75	60.94	1.22	17.09	43.35	0.33	45.01
18/06/2019	10.34	44.00	12.90	18.80	62.87	1.22	18.27	44.04	0.31	44.95
19/06/2019	10.26	44.40	12.98	18.63	62.78	1.23	18.26	44.50	0.23	45.29
20/06/2019	10.55	45.15	13.11	18.40	63.04	1.29	18.75	44.90	0.22	43.92
21/06/2019	10.40	46.51	13.15	17.64	62.91	1.31	18.52	44.86	0.20	44.37
24/06/2019	10.20	47.52	13.23	17.49	62.68	1.28	18.68	44.78	0.18	44.73
25/06/2019	10.14	45.95	13.17	16.29	61.76	1.30	18.30	44.41	0.16	43.95
26/06/2019	10.19	44.86	13.09	16.79	62.57	1.31	18.38	44.67	0.18	43.85
27/06/2019	10.32	45.69	13.03	17.92	65.47	1.38	18.60	45.13	0.19	44.57
28/06/2019	10.43	45.48	13.04	18.23	65.68	1.40	18.76	45.34	0.18	44.69
01/07/2019	10.56	45.34	13.15	18.30	66.13	1.36	19.83	45.76	0.24	45.43
02/07/2019	10.55	46.36	13.24	18.56	66.65	1.43	20.33	45.60	0.55	44.91
03/07/2019	10.54	46.82	13.41	18.97	66.19	1.41	20.22	45.63	0.72	46.98
05/07/2019	10.43	46.60	13.27	19.64	66.84	1.39	20.21	45.35	0.80	46.62
08/07/2019	10.13	46.70	13.22	19.97	66.64	1.40	19.82	44.75	0.75	46.07
09/07/2019	10.18	46.77	13.19	20.42	67.11	1.37	19.87	44.68	0.62	46.01
10/07/2019	10.13	46.96	13.30	19.89	66.26	1.36	19.89	44.63	0.80	47.78
11/07/2019	10.04	47.31	13.29	19.48	66.11	1.37	19.64	44.38	0.77	47.72
12/07/2019	10.30	47.22	13.26	19.67	65.98	1.42	19.91	44.94	0.72	49.02
15/07/2019	10.20	47.27	13.25	19.66	66.00	1.32	19.72	44.90	0.38	50.70
16/07/2019	10.31	46.70	13.25	20.35	64.49	1.36	20.22	44.85	0.32	50.48
17/07/2019	9.91	47.32	13.24	20.19	64.81	1.23	20.39	44.63	0.30	50.97
18/07/2019	9.99	47.54	13.29	20.66	65.96	1.20	19.98	44.32	0.30	50.71
19/07/2019	9.97	47.72	13.28	20.81	66.53	1.23	19.77	44.61	0.35	51.64
22/07/2019	10.14	47.45	13.28	21.26	66.59	1.21	19.89	44.65	0.36	51.14
23/07/2019	10.58	47.46	13.30	19.65	66.40	1.19	18.79	45.08	0.36	52.03
24/07/2019	10.60	46.52	13.26	20.02	66.04	1.19	18.70	45.36	0.33	52.98
25/07/2019	10.36	45.88	13.11	19.80	65.57	1.11	18.74	45.09	0.38	45.76
26/07/2019	10.44	46.31	13.11	20.80	65.02	1.11	18.77	45.14	0.38	45.61
29/07/2019	10.31	45.90	13.15	21.20	66.05	1.08	18.64	45.01	0.36	47.15
30/07/2019	10.45	46.63	12.79	21.65	66.04	1.09	19.12	44.44	0.35	48.45
31/07/2019	10.38	45.85	12.68	28.15	64.49	1.07	19.05	44.23	0.34	48.32
01/08/2019	10.01	45.68	12.66	30.10	66.83	1.08	19.63	43.68	0.31	46.77
02/08/2019	9.93	46.38	12.67	29.12	66.63	1.04	19.49	43.21	0.34	46.87
05/08/2019	9.59	45.43	12.41	27.45	62.01	1.06	18.38	41.91	0.34	45.66
06/08/2019	9.50	45.95	12.57	28.72	62.80	1.05	18.72	42.70	0.32	46.15
07/08/2019	9.39	46.21	12.59	30.79	63.87	1.05	19.98	42.88	0.31	46.68
08/08/2019	9.42	46.99	12.62	31.58	64.76	1.02	18.74	43.56	0.30	47.66
09/08/2019	9.09	46.89	12.62	31.85	63.50	1.07	16.36	43.02	0.35	47.00
12/08/2019	8.99	46.81	12.46	30.90	60.94	1.04	16.01	42.73	0.34	45.80
13/08/2019	9.28	46.52	12.58	32.17	62.19	1.03	16.14	43.15	0.32	47.00
14/08/2019	8.97	46.60	12.39	30.22	58.99	0.94	15.13	41.70	0.31	43.92
15/08/2019	7.95	46.77	12.29	29.78	59.26	0.92	14.69	41.52	0.35	43.13
16/08/2019	8.73	46.75	12.45	32.03	61.69	0.89	15.39	42.18	0.38	43.99
19/08/2019	8.61	46.61	12.48	33.40	63.07	0.88	15.77	42.61	0.37	45.37
20/08/2019	8.32	46.64	12.44	33.88	63.08	0.87	15.89	42.32	0.34	45.17
21/08/2019	8.10	46.86	12.53	34.83	63.87	0.87	15.65	42.54	0.33	44.17
22/08/2019	8.13	47.53	12.50	33.75	63.05	0.88	15.47	42.27	0.35	44.43
23/08/2019	7.91	47.21	12.35	33.40	60.89	0.85	14.66	41.14	0.34	42.28
26/08/2019	7.99	47.81	12.49	34.62	62.24	0.84	15.18	41.32	0.33	43.00
27/08/2019	7.87	47.95	12.55	33.05	61.86	0.82	14.84	41.38	0.32	42.82
28/08/2019	7.88	48.38	12.53	33.27	62.05	0.82	14.82	41.41	0.32	43.12
29/08/2019	8.05	48.72	12.51	31.15	62.49	0.85	15.17	42.10	0.32	44.34
30/08/2019	8.19	48.81	12.57	29.67	62.07	0.88	15.33	42.25	0.34	45.12
03/09/2019	8.27	48.82	12.67	27.70	60.97	0.87	14.79	41.77	0.34	45.00
04/09/2019	8.74	49.06	12.82	27.86	62.46	0.92	15.33	42.37	0.34	44.14
05/09/2019	8.75	49.60	12.88	25.29	62.83	0.97	15.30	43.15	0.37	45.92
06/09/2019	8.65	49.35	12.84	25.40	62.81	1.00	15.03	43.28	0.40	45.49
09/09/2019	8.90	48.84	12.83	23.80	62.00	1.00	14.95	43.45	0.64	46.36
10/09/2019	9.08	48.63	12.92	23.28	62.38	1.06	14.93	43.68	0.42	47.11
11/09/2019	9.29	48.81	13.08	24.72	63.31	1.09	15.64	44.66	0.36	49.42
12/09/2019	9.19	48.89	13.14	22.20	62.23	1.07	15.83	44.74	0.36	49.17
13/09/2019	9.28	48.57	13.14	22.08	63.70	1.02	15.96	44.97	0.40	49.04
16/09/2019	9.32	48.06	13.12	23.26	63.44	1.08	16.46	44.89	0.40	48.56
17/09/2019	9.30	49.69	13.19	25.07	65.82	1.01	17.48	45.06	0.38	48.96
18/09/2019	9.32	50.96	13.18	25.20	65.75	0.97	17.37	45.01	0.36	48.70
19/09/2019	9.36	51.05	13.27	27.12	67.07	1.02	17.46	45.17	0.37	49.32
20/09/2019	9.31	50.71	13.17	27.47	66.70	0.98	17.30	44.92	0.36	48.12
23/09/2019	9.28	50.72	13.07	27.23	67.31	0.90	17.54	44.82	0.36	48.25
24/09/2019	8.92	49.81	13.12	25.02	65.48	0.88	16.68	44.56	0.34	44.64
25/09/2019	9.11	49.29	13.05	25.06	67.10	0.97	16.93	44.66	0.32	45.74
26/09/2019	8.97	49.61	13.02	23.19	62.54	0.92	16.64	44.46	0.30	48.51
27/09/2019	8.99	49.90	12.94	22.26	58.46	0.95	16.14	44.18	0.33	48.43
30/09/2019	8.89	50.32	12.91	22.23	58.01	0.99	16.71	44.38	0.33	48.17
01/10/2019	8.56	50.26	12.86	21.71	56.28	0.95	16.26	43.51	0.32	48.94
02/10/2019	8.46	49.40	12.69	21.90	55.91	0.95	15.50	42.67	0.32	48.63
03/10/2019	8.66	49.46	12.74	22.42	57.17	1.00	15.77	43.03	0.37	46.61
04/10/2019	8.52	48.17	12.90	23.45	59.32	0.93	16.22	43.63	0.36	46.29
07/10/2019	8.51	48.35	12.87	23.75	56.96	0.97	16.52	43.51	0.32	47.54
08/10/2019	8.23	48.43	12.69	24.25	56.96	0.95	16.55	42.61	0.33	48.01
09/10/2019	8.30	47.68	12.82	24.22	56.20	0.97	16.68	42.94	0.31	48.91
10/10/2019	8.40	48.06	12.84	24.53	56.63	0.93	16.94	43.27	0.30	48.95
11/10/2019	8.75	48.16	13.00	24.28	56.82	0.98	17.51	44.25	0.30	49.58
14/10/2019	8.67	48.14	12.95	24.75	56.49	0.97	17.21	43.97	0.30	51.39
15/10/2019	8.84	48.11	13.04	24.14	55.88	0.97	17.22	44.62	0.28	51.58
16/10/2019	8.85	48.73	12.98	24.17	55.01	0.98	16.93	44.19	0.29	51.95
17/10/2019	8.99	48.34	13.07	25.10	55.25	0.96	16.77	44.34	0.29	52.39
18/10/2019	8.91	49.14	13.10	24.75	55.22	0.97	17.00	44.37	0.29	51.39
21/10/2019	8.74	48.64	13.19	25.89	56.34	1.00	17.05	44.91	0.31	50.70
22/10/2019	9.01	48.72	13.23	23.71	56.22	0.98	15.26	44.49	0.31	51.12
23/10/2019	9.09	49.94	13.30	23.40	55.28	1.02	15.93	44.97	0.31	50.94
24/10/2019	8.90	49.65	13.26	23.21	55.89	1.08	15.67	45.10	0.32	59.94
25/10/2019	8.95	49.89	13.24	24.55	52.66	1.08	15.24	45.51	0.32	65.63
28/10/2019	9.02	47.62	13.30	25.44	53.24	1.06	15.86	45.96	0.28	65.54
29/10/2019	9.02	49.25	13.15	25.19	53.29	1.06	15.97	46.11	0.25	63.24
30/10/2019	10.05	49.41	13.23	18.76	51.85	1.08	15.86	45.99	0.24	63.00
31/10/2019	9.92	50.19	13.28	19.43	51.79	1.02	15.54	45.57	0.24	62.98
01/11/2019	10.32	50.22	13.41	18.83	52.58	1.00	15.59	46.32	0.26	62.66
04/11/2019	10.86	49.76	13.46	17.95	53.06	1.07	14.92	46.66	0.27	63.49
05/11/2019	10.90	49.53	13.18	18.59	53.87	1.07	14.95	46.64	0.27	63.44
06/11/2019	10.95	49.53	13.25	18.20	53.36	0.98	14.85	46.52	0.54	65.32
07/11/2019	11.22	48.45	13.33	18.00	52.63	1.01	14.77	46.78	0.41	67.11
08/11/2019	11.45	49.01	13.39	18.44	51.97	1.00	14.74	46.54	0.43	67.43
11/11/2019	11.28	49.17	13.45	18.74	52.48	0.99	14.43	46.48	0.45	69.02
12/11/2019	11.35	48.83	13.42	19.12	52.97	1.00	14.49	46.43	0.55	69.99
13/11/2019	11.22	49.34	13.41	18.93	53.09	1.02	13.77	46.19	0.81	69.22
14/11/2019	11.22	50.02	13.50	18.99	52.54	0.96	14.40	46.41	0.89	69.87
15/11/2019	11.45	50.26	13.61	19.32	53.36	0.95	14.71	46.96	0.83	70.43
18/11/2019	11.37	50.11	13.57	18.61	53.15	0.95	14.44	46.79	0.87	70.00
19/11/2019	11.43	50.14	13.54	19.19	54.59	0.98	14.09	47.03	0.73	71.90
20/11/2019	11.32	50.67	13.50	18.12	54.32	0.99	13.54	46.63	0.79	70.44
21/11/2019	11.46	50.99	13.47	18.82	53.86	0.98	13.42	46.43	0.77	70.97
22/11/2019	11.48	50.72	13.46	19.37	54.38	0.98	13.49	46.48	0.76	66.61
25/11/2019	11.51	50.78	13.62	21.15	54.96	0.98	13.75	47.18	0.79	67.27
26/11/2019	11.28	51.00	13.69	21.51	55.09	0.96	13.79	47.41	0.74	65.78
27/11/2019	11.22	50.99	13.67	23.04	55.62	0.99	13.99	47.66	0.72	66.26
29/11/2019	11.20	51.10	13.72	21.87	55.24	0.98	13.88	47.44	0.68	65.99
02/12/2019	11.09	50.35	13.70	22.07	54.72	0.95	13.55	47.35	0.59	66.97
03/12/2019	10.92	50.55	13.68	23.74	54.35	0.96	13.51	47.37	0.54	67.24
04/12/2019	10.84	50.98	13.72	24.27	54.79	0.94	13.35	47.60	0.61	66.61
05/12/2019	10.73	51.03	13.85	23.37	52.30	0.94	13.21	47.78	0.59	66.07
06/12/2019	11.03	50.97	13.90	24.11	53.37	0.94	13.62	48.05	0.56	67.18
09/12/2019	10.92	50.35	13.86	24.04	52.44	0.88	13.31	48.10	0.51	67.91
10/12/2019	10.94	49.96	13.83	24.02	52.47	0.91	13.26	47.85	0.53	69.77
11/12/2019	10.90	50.74	13.99	24.21	53.87	0.90	13.19	48.35	0.56	70.54
12/12/2019	11.37	51.04	14.06	23.68	55.04	0.91	14.17	48.78	0.71	71.94
13/12/2019	11.27	51.38	14.16	24.62	54.98	0.90	13.94	49.00	0.68	71.68
16/12/2019	11.10	50.99	14.39	25.76	56.53	0.92	14.26	49.20	0.67	76.30
17/12/2019	11.03	50.50	14.37	25.85	56.30	0.88	14.29	49.34	0.69	75.80
18/12/2019	10.89	51.06	14.27	25.74	56.49	0.88	14.67	49.48	0.69	78.63
19/12/2019	10.97	50.89	14.29	25.96	57.07	0.87	14.79	49.50	0.69	80.81
20/12/2019	10.97	51.24	14.27	25.94	57.31	0.84	14.37	49.65	0.78	81.12
23/12/2019	11.10	50.96	14.29	26.81	57.86	0.85	14.40	49.70	0.84	83.84
24/12/2019	11.13	50.84	14.32	27.02	57.98	0.87	14.59	49.72	0.82	85.05
26/12/2019	11.17	50.49	14.37	27.34	58.66	0.87	14.55	49.71	1.13	86.19
27/12/2019	11.12	50.39	14.49	26.76	56.41	0.86	14.16	49.94	1.27	86.08
30/12/2019	11.02	50.51	14.41	25.37	56.26	0.88	13.74	49.77	1.68	82.94
31/12/2019	11.10	50.64	14.48	26.13	55.96	0.95	13.81	49.75	2.51	83.67
02/01/2020	11.87	50.29	14.48	29.34	57.24	0.92	14.19	49.99	2.01	86.05
03/01/2020	11.91	50.23	14.34	29.29	57.02	0.91	14.37	49.72	2.06	88.60
06/01/2020	12.08	50.21	14.33	29.66	55.83	0.94	14.38	49.52	2.22	90.31
07/01/2020	11.99	50.30	14.25	29.99	56.67	0.98	14.70	49.49	2.08	93.81
08/01/2020	11.88	50.13	14.20	31.00	56.70	0.98	14.64	49.73	2.29	98.43
09/01/2020	11.85	50.71	14.22	31.59	56.70	0.96	15.00	49.73	2.19	96.27
10/01/2020	11.61	51.37	14.27	30.67	56.50	0.97	14.91	49.58	2.22	95.63
13/01/2020	12.06	52.10	14.37	30.79	57.44	0.95	15.24	50.36	2.05	104.97
14/01/2020	11.97	52.40	14.41	30.20	58.78	0.92	15.27	50.44	2.08	107.58
15/01/2020	11.81	53.23	14.54	30.16	54.75	0.91	15.19	50.66	2.17	103.70
16/01/2020	11.78	53.40	14.68	30.83	53.93	0.92	16.60	50.96	2.24	102.70
17/01/2020	11.75	53.55	14.72	31.50	53.52	0.91	17.18	51.26	2.40	102.10
21/01/2020	11.60	54.53	14.72	31.26	51.55	0.90	17.37	51.13	2.88	109.44
22/01/2020	11.31	54.40	14.78	31.62	50.56	0.91	16.85	50.87	2.22	113.91
23/01/2020	11.71	54.27	14.81	32.07	52.02	0.92	16.96	51.11	1.76	114.44
24/01/2020	11.65	53.79	14.86	32.70	51.94	0.92	16.79	51.04	1.82	112.96
27/01/2020	11.38	53.12	14.68	29.95	50.49	0.90	16.33	49.93	1.54	111.60
28/01/2020	11.67	53.69	14.81	32.24	51.11	0.94	16.96	50.35	1.81	113.38
29/01/2020	12.87	53.92	14.93	32.56	50.90	0.89	16.95	50.40	1.73	116.20
30/01/2020	12.67	55.06	14.74	33.49	50.72	0.87	17.48	50.16	1.69	128.16
31/01/2020	12.39	54.60	14.66	31.52	49.58	0.83	17.03	49.38	1.59	130.11
03/02/2020	12.20	55.27	14.72	32.92	50.24	0.83	17.54	49.66	1.65	156.00
04/02/2020	12.52	54.89	15.04	36.90	52.67	0.86	18.25	51.00	1.68	177.41
05/02/2020	12.80	54.88	15.13	36.91	53.10	0.87	18.99	51.56	1.70	146.94
06/02/2020	12.88	56.08	15.10	38.39	52.65	0.87	19.13	51.17	1.69	149.79
07/02/2020	12.77	55.66	14.97	38.05	52.46	0.87	18.95	50.45	1.73	149.61
10/02/2020	12.84	56.59	15.05	38.61	52.75	0.85	19.96	50.80	2.06	154.26
11/02/2020	12.79	56.75	15.24	39.66	53.53	0.86	20.13	51.56	2.03	154.88
12/02/2020	13.09	56.85	15.17	41.50	56.12	0.85	21.30	52.03	2.05	153.46
13/02/2020	12.87	57.36	15.18	41.34	54.61	0.87	21.30	51.83	2.14	160.80
14/02/2020	12.77	58.31	15.23	41.09	55.26	0.88	21.42	51.68	2.08	160.01
18/02/2020	12.69	59.45	15.37	40.17	55.65	0.90	21.77	51.31	2.46	171.68
19/02/2020	12.55	59.46	15.48	57.22	57.37	0.88	22.48	52.02	2.79	183.48
20/02/2020	12.47	59.44	15.42	58.74	59.32	0.91	23.40	52.71	2.61	179.88
21/02/2020	12.19	59.26	15.43	59.09	50.59	0.87	21.95	51.88	2.52	180.20
24/02/2020	11.80	59.11	14.94	55.26	51.21	0.84	22.13	50.34	2.30	166.76
25/02/2020	11.26	57.98	14.65	50.90	48.57	0.83	20.80	48.64	2.27	159.98
26/02/2020	10.89	56.99	14.67	51.87	46.11	0.83	20.91	48.54	2.29	155.76
27/02/2020	10.34	56.17	14.30	48.76	44.25	0.82	20.27	47.00	1.94	135.80
28/02/2020	10.83	55.99	14.17	48.97	45.77	0.80	19.34	46.96	1.95	133.60
02/03/2020	11.15	57.44	14.57	51.40	44.95	0.80	19.36	47.74	1.93	148.72
03/03/2020	10.83	56.99	14.56	52.37	44.21	0.81	19.51	47.20	1.95	149.10
04/03/2020	10.89	58.44	15.24	53.47	45.48	0.80	20.80	48.95	2.00	149.90
05/03/2020	10.03	58.71	14.81	56.69	45.47	0.77	21.30	47.42	1.97	144.91
06/03/2020	9.36	56.80	14.50	53.05	43.37	0.75	20.22	46.35	1.87	140.70
09/03/2020	8.18	52.53	13.34	43.38	39.15	0.62	16.79	42.22	1.52	121.60
10/03/2020	8.81	53.80	13.51	45.59	41.08	0.68	16.72	43.79	1.70	129.07
11/03/2020	8.18	52.00	12.86	41.73	37.23	0.61	15.05	41.11	1.47	126.85
12/03/2020	7.20	43.65	11.36	33.02	36.56	0.48	11.68	36.94	1.09	112.11
13/03/2020	7.82	45.93	12.10	32.86	35.96	0.47	11.20	38.67	1.15	109.32
16/03/2020	6.63	37.57	10.87	27.45	31.54	0.53	9.49	34.44	1.16	89.01
17/03/2020	7.05	44.14	11.64	29.28	32.26	0.43	9.92	36.58	1.49	86.04
18/03/2020	6.57	31.23	10.65	23.99	30.20	0.42	8.90	33.39	1.25	72.24
19/03/2020	6.45	31.46	10.56	26.25	33.46	0.43	9.11	34.24	1.33	85.53
20/03/2020	6.49	36.60	10.47	26.00	33.69	0.42	8.36	33.70	1.22	85.51
23/03/2020	6.09	32.53	10.11	27.51	33.07	0.45	9.02	33.43	1.28	86.86
24/03/2020	6.98	36.03	11.16	34.34	33.71	0.43	11.16	36.10	1.40	101.00
25/03/2020	7.53	37.72	11.87	36.81	34.79	0.40	12.16	37.19	1.58	107.85
26/03/2020	8.09	40.72	12.29	36.13	37.62	0.48	12.38	39.21	1.65	105.63
27/03/2020	7.59	38.94	11.84	32.38	35.63	0.43	10.22	37.18	1.55	102.87
30/03/2020	7.86	41.52	12.09	32.00	36.06	0.40	9.81	37.82	1.56	100.43
31/03/2020	7.91	41.75	12.02	32.29	36.06	0.40	10.10	37.58	1.51	104.80
01/04/2020	7.01	39.15	11.46	29.77	33.44	0.40	9.32	35.49	1.39	96.31
02/04/2020	6.87	37.43	11.67	29.92	35.31	0.39	9.80	36.12	1.39	90.89
03/04/2020	6.70	36.77	11.45	28.69	34.38	0.40	8.85	35.14	1.33	96.00
06/04/2020	7.20	39.01	11.99	34.05	36.75	0.40	9.98	37.82	1.43	103.25
07/04/2020	7.00	38.40	12.07	35.04	37.35	0.41	10.57	38.64	1.47	109.09
08/04/2020	7.27	40.30	12.25	37.93	38.90	0.44	11.47	39.51	1.53	109.77
09/04/2020	7.11	42.43	12.50	38.06	40.45	0.41	11.73	40.45	1.50	114.60
13/04/2020	6.99	41.78	12.28	37.78	40.61	0.43	11.10	39.53	1.55	130.19
14/04/2020	6.90	42.28	12.57	41.40	42.12	0.42	12.07	40.60	1.65	141.98
15/04/2020	6.47	41.51	12.07	39.61	40.93	0.42	11.46	38.98	1.54	145.97
16/04/2020	6.21	42.63	12.07	38.79	40.15	0.43	11.11	38.73	1.61	149.04
17/04/2020	6.81	44.59	12.38	38.96	42.20	0.55	11.87	40.24	1.62	150.78
20/04/2020	6.48	43.56	12.13	39.01	41.00	0.54	12.35	40.09	1.61	149.27
21/04/2020	6.45	42.18	11.90	35.51	39.18	0.51	12.01	38.72	1.62	137.34
22/04/2020	6.40	45.22	12.08	38.24	40.23	0.53	12.64	39.39	1.74	146.42
23/04/2020	6.49	46.86	12.04	39.48	42.29	0.52	13.11	39.94	1.81	141.13
24/04/2020	6.23	46.80	12.13	37.73	40.84	0.55	12.94	40.12	2.09	145.03
27/04/2020	6.40	46.74	12.37	37.21	43.26	0.52	13.52	41.12	2.38	159.75
28/04/2020	6.77	47.92	12.44	43.00	41.77	0.55	13.69	42.24	2.14	153.82
29/04/2020	6.55	47.42	12.69	48.99	45.55	0.54	14.80	43.99	2.13	160.10
30/04/2020	6.77	48.83	12.48	46.83	44.01	0.50	14.03	42.82	2.02	156.38
01/05/2020	6.47	47.98	12.23	43.25	41.98	0.53	12.96	41.01	1.95	140.26
04/05/2020	6.18	47.81	12.18	43.98	43.40	0.50	13.43	40.85	1.97	152.24
05/05/2020	6.17	48.55	12.31	44.37	43.10	0.49	13.25	41.10	2.01	153.64
06/05/2020	5.96	48.11	12.23	52.68	43.12	0.49	13.87	41.47	2.02	156.52
07/05/2020	6.09	48.64	12.41	54.49	44.66	0.47	13.81	42.06	1.97	156.01
08/05/2020	6.26	49.60	12.65	57.28	44.16	0.91	14.77	43.58	2.10	163.88
11/05/2020	6.16	49.18	12.68	59.58	42.87	0.92	14.56	43.67	2.06	162.26
12/05/2020	5.98	47.38	12.55	59.27	40.35	0.99	13.97	42.69	1.96	161.88
13/05/2020	5.77	46.27	12.40	57.47	39.43	0.93	13.54	41.62	1.88	158.19
14/05/2020	5.68	46.21	12.42	56.98	39.79	0.92	13.97	41.92	1.88	160.67
15/05/2020	5.47	45.87	12.39	58.38	39.37	0.94	14.07	41.94	1.84	159.83
18/05/2020	6.24	48.68	12.93	64.42	42.37	0.93	15.14	44.59	1.91	162.73
19/05/2020	6.18	48.38	12.71	67.04	43.23	0.90	15.51	44.39	1.96	161.60
20/05/2020	6.39	47.86	12.88	64.17	43.94	0.87	15.91	45.30	2.04	163.11
21/05/2020	6.45	48.17	12.83	59.93	43.76	0.88	16.07	45.09	2.02	165.52
22/05/2020	6.38	48.70	12.82	56.42	43.47	0.89	15.86	45.04	1.98	163.38
26/05/2020	6.77	48.67	13.24	58.43	46.56	0.86	16.33	46.47	2.17	163.77
27/05/2020	7.26	49.66	13.35	57.86	46.61	0.82	16.85	47.45	2.17	164.05
28/05/2020	6.75	50.47	13.54	55.80	45.52	0.81	16.43	46.82	2.11	161.16
29/05/2020	6.54	50.18	13.73	58.19	46.62	0.74	16.70	47.28	2.13	167.00
01/06/2020	6.73	50.56	13.87	59.68	48.01	0.78	17.67	48.24	2.25	179.62
02/06/2020	7.02	50.99	14.07	56.95	47.90	0.80	17.94	48.19	2.30	176.31
03/06/2020	7.33	51.26	14.39	53.32	49.50	0.81	18.60	49.91	2.42	176.59
04/06/2020	7.71	51.84	14.39	51.64	49.61	0.78	18.29	49.81	2.54	172.88
05/06/2020	7.85	51.49	14.55	54.59	51.38	0.78	18.69	51.14	2.62	177.13
08/06/2020	8.43	52.12	14.68	52.90	54.44	0.83	19.64	51.27	2.71	189.98
09/06/2020	7.99	51.41	14.53	51.58	53.06	0.82	19.33	50.57	2.61	188.13
10/06/2020	7.58	51.42	14.51	49.35	51.19	0.85	18.62	49.98	3.37	205.01
11/06/2020	6.92	49.59	13.60	47.66	48.94	0.79	17.17	46.80	2.55	194.57
12/06/2020	7.22	48.47	13.87	48.63	49.42	0.78	17.93	47.62	2.73	187.06
15/06/2020	7.21	50.58	14.10	50.45	50.11	0.78	18.99	48.55	2.54	198.18
16/06/2020	7.44	51.31	14.08	52.76	51.31	0.90	20.10	48.95	2.59	196.43
17/06/2020	7.21	51.30	14.14	39.04	49.90	0.87	19.29	48.46	2.36	198.36
18/06/2020	7.25	52.02	14.08	45.72	50.47	0.86	19.80	48.71	2.28	200.79
19/06/2020	7.12	51.02	14.01	46.72	50.20	0.84	19.90	48.50	2.20	200.18
22/06/2020	7.01	51.24	14.33	45.56	49.80	0.78	19.97	48.92	2.17	198.86
23/06/2020	6.97	50.60	14.27	45.49	51.92	0.79	19.74	49.07	2.24	200.36
24/06/2020	6.50	49.89	14.04	46.68	49.08	0.76	19.72	47.70	2.36	192.17
25/06/2020	6.65	49.30	14.16	45.80	50.38	0.76	19.88	48.04	2.22	197.20
26/06/2020	6.46	49.24	14.00	45.30	48.76	0.75	18.58	47.44	2.09	191.95
29/06/2020	6.78	49.70	14.25	47.45	49.61	1.05	19.52	48.35	2.34	201.87
30/06/2020	6.81	50.35	14.36	47.57	49.50	0.84	19.72	49.18	2.26	215.96
01/07/2020	6.72	51.57	14.33	49.06	49.09	0.85	19.84	48.89	2.28	223.93
02/07/2020	6.80	52.76	14.56	48.86	49.88	0.86	20.00	49.31	2.52	241.73
06/07/2020	6.98	52.11	14.87	50.16	53.41	0.88	21.34	50.24	2.87	274.32
07/07/2020	6.74	52.31	14.84	50.64	53.16	1.13	26.17	49.69	2.83	277.97
08/07/2020	6.84	53.94	15.19	54.93	58.06	1.04	28.27	50.48	2.96	273.18
09/07/2020	6.56	53.49	15.06	55.79	57.20	1.02	27.83	50.15	3.04	278.86
10/07/2020	6.67	53.95	15.14	55.43	57.49	0.98	28.89	50.51	3.07	308.93
13/07/2020	6.68	54.92	15.12	52.32	56.21	0.91	30.09	50.22	2.81	299.41
14/07/2020	6.86	56.54	15.32	55.88	61.78	0.97	33.78	51.39	2.88	303.36
15/07/2020	7.12	57.21	15.71	57.95	60.98	0.94	35.81	52.52	3.00	309.20
16/07/2020	7.03	57.64	15.77	57.74	59.03	0.96	36.65	52.50	3.07	300.13
17/07/2020	7.05	57.38	16.01	59.31	61.00	0.95	36.81	53.03	2.91	300.17
20/07/2020	6.85	56.68	16.21	63.54	62.16	0.94	38.40	53.80	2.82	328.60
21/07/2020	7.02	56.85	16.35	61.10	60.74	0.96	38.98	53.67	2.75	313.67
22/07/2020	7.04	57.43	16.48	62.08	61.15	0.98	40.35	54.29	2.81	318.47
23/07/2020	7.02	57.56	16.46	61.67	62.50	0.97	42.46	54.18	2.64	302.61
24/07/2020	6.84	58.83	16.28	59.65	62.16	0.93	40.99	53.49	2.52	283.40
27/07/2020	6.69	59.16	16.39	62.22	62.26	0.95	42.50	54.53	2.46	307.92
28/07/2020	6.87	59.78	16.31	57.23	59.68	0.92	40.46	53.56	2.41	295.30
29/07/2020	6.57	61.40	16.43	59.12	60.11	0.94	36.61	54.25	2.30	299.82
30/07/2020	6.24	61.48	16.66	59.14	59.70	0.92	36.67	54.06	2.29	297.50
31/07/2020	6.05	61.07	16.57	60.36	59.55	0.88	36.69	53.15	2.23	286.15
03/08/2020	6.09	60.86	16.84	61.21	60.84	0.88	39.78	54.11	2.55	297.00
04/08/2020	6.12	61.68	16.86	68.95	64.04	0.94	43.54	54.71	2.54	297.40
05/08/2020	6.38	61.93	17.06	74.99	65.73	0.92	46.40	55.77	2.56	297.00
06/08/2020	6.31	61.98	17.02	71.37	64.46	0.89	46.53	56.06	2.56	297.92
07/08/2020	6.38	62.60	17.05	72.84	72.93	0.92	46.00	56.48	2.68	290.54
10/08/2020	6.65	62.97	17.11	71.84	72.50	0.93	47.28	56.76	2.87	283.71
11/08/2020	6.71	61.24	17.21	67.30	70.19	0.93	42.37	57.07	2.68	274.88
12/08/2020	6.70	62.19	17.41	71.19	73.53	0.83	44.94	57.86	2.77	310.95
13/08/2020	6.58	62.08	17.51	74.88	75.71	0.83	46.73	58.15	2.83	324.20
14/08/2020	6.64	61.78	17.37	73.16	74.31	0.86	45.63	57.87	2.73	330.14
17/08/2020	6.45	61.90	17.50	75.06	73.61	0.83	47.73	58.37	2.84	367.13
18/08/2020	6.42	62.19	17.46	75.16	74.41	0.89	46.31	58.01	3.06	377.42
19/08/2020	6.36	61.70	17.34	75.49	75.85	0.88	48.14	57.79	3.17	375.71
20/08/2020	6.25	61.53	17.23	73.09	73.66	0.86	45.99	57.47	2.96	400.37
21/08/2020	6.29	61.47	17.25	73.14	74.10	0.84	48.23	57.39	2.92	410.00
24/08/2020	6.61	61.29	17.44	73.36	76.52	0.82	51.00	58.18	2.78	402.84
25/08/2020	6.57	60.71	17.43	75.93	77.37	0.82	50.79	58.36	2.88	404.67
26/08/2020	6.46	59.95	17.53	75.24	78.19	0.82	50.03	58.57	2.94	430.63
27/08/2020	6.46	60.16	17.28	73.44	77.61	0.80	52.10	58.05	2.95	447.75
28/08/2020	6.59	59.80	17.43	76.04	80.00	0.82	55.51	58.57	2.99	442.68
31/08/2020	6.32	59.77	17.44	77.23	76.59	0.79	56.56	58.44	2.84	498.32
01/09/2020	6.17	59.20	17.43	78.71	78.42	0.77	58.27	58.96	2.90	475.05
02/09/2020	6.42	58.12	17.64	77.02	77.45	0.77	57.08	59.98	2.67	447.37
03/09/2020	6.30	57.17	17.27	67.80	72.50	0.80	51.15	56.85	2.43	407.00
04/09/2020	6.40	55.52	17.06	66.16	72.06	0.72	49.22	56.49	2.56	418.32
08/09/2020	6.12	54.76	16.87	65.05	69.37	0.70	51.89	55.62	2.52	330.21
09/09/2020	6.14	56.19	17.32	67.71	71.70	0.72	55.24	56.87	2.63	366.28
10/09/2020	5.98	56.65	17.08	66.10	69.89	0.72	56.19	56.25	2.17	371.34
11/09/2020	5.93	57.32	17.12	65.10	69.91	0.70	55.88	56.65	2.17	372.72
14/09/2020	6.13	57.69	17.21	69.49	71.46	0.69	59.10	57.48	2.26	419.62
15/09/2020	6.08	58.78	17.42	72.16	72.89	0.68	61.01	57.89	2.42	449.76
16/09/2020	6.73	58.21	17.48	72.83	71.96	0.67	62.33	58.00	2.50	441.76
17/09/2020	7.03	57.02	17.49	66.87	64.00	0.70	59.52	57.45	2.46	423.43
18/09/2020	6.86	57.14	17.44	68.27	61.75	0.76	60.86	57.30	2.62	442.15
21/09/2020	6.33	56.98	17.14	70.72	61.67	0.69	60.20	55.88	2.59	449.39
22/09/2020	6.23	56.90	17.01	72.23	61.55	0.69	62.80	56.07	2.47	424.23
23/09/2020	6.09	55.76	16.86	70.27	62.02	0.65	61.72	55.07	2.23	380.36
24/09/2020	6.04	56.65	16.85	69.41	61.30	0.67	60.63	55.21	2.28	387.79
25/09/2020	6.10	57.85	16.93	73.62	63.05	0.80	66.46	56.18	2.29	407.34
28/09/2020	6.19	57.83	17.18	78.14	65.37	0.79	71.98	57.63	2.43	421.20
29/09/2020	6.11	58.50	17.44	80.80	65.76	0.83	72.80	58.35	2.56	419.07
30/09/2020	6.22	59.42	17.53	82.59	66.20	0.84	77.07	58.62	2.14	429.01
01/10/2020	6.23	59.25	17.96	89.51	68.57	0.84	79.97	59.74	2.10	448.16
02/10/2020	6.38	58.46	17.95	90.43	67.24	0.83	76.45	59.59	2.02	415.09
05/10/2020	6.40	58.76	18.30	98.05	71.50	0.80	78.62	61.22	1.89	425.68
06/10/2020	6.16	62.18	18.27	98.57	73.44	0.81	78.57	60.87	1.92	413.98
07/10/2020	6.30	64.98	18.80	107.82	78.71	0.80	78.05	62.36	2.16	425.30
08/10/2020	6.64	67.46	18.98	105.50	77.12	0.80	70.54	62.21	2.38	425.92
09/10/2020	6.83	66.66	18.99	109.18	78.81	0.85	71.43	63.14	2.62	434.00
12/10/2020	6.82	65.36	19.17	104.43	79.31	0.83	63.79	63.43	2.54	442.30
13/10/2020	6.71	65.16	18.94	106.65	82.93	0.84	65.35	63.15	2.48	446.65
14/10/2020	6.81	64.69	19.21	108.97	83.72	0.85	63.27	63.34	2.43	461.30
15/10/2020	6.86	65.06	19.11	110.71	82.28	0.82	64.21	63.30	2.44	448.88
16/10/2020	7.28	65.15	19.12	110.84	84.18	0.81	62.39	63.51	2.33	439.67
19/10/2020	7.28	63.74	18.87	114.69	83.43	0.80	62.38	63.08	2.32	430.83
20/10/2020	7.33	64.40	18.95	116.14	84.30	0.82	62.58	63.27	2.30	421.94
21/10/2020	7.31	63.20	18.78	101.53	81.60	0.84	56.82	61.82	2.18	422.64
22/10/2020	7.71	63.92	18.62	103.46	82.65	0.82	57.47	62.25	2.26	425.79
23/10/2020	7.62	64.49	18.75	103.33	85.37	0.82	56.03	62.42	2.38	420.63
26/10/2020	7.37	64.16	18.32	103.67	83.75	0.82	56.30	60.93	2.25	420.28
27/10/2020	7.09	64.11	18.26	98.63	82.39	0.79	54.66	60.24	2.22	424.68
28/10/2020	7.41	63.04	17.73	102.81	93.31	0.76	55.84	58.36	2.14	406.02
29/10/2020	7.36	63.49	18.11	102.51	87.46	0.70	54.26	58.95	2.16	410.83
30/10/2020	7.41	62.23	18.08	98.09	87.05	0.71	52.02	58.44	2.00	388.04
02/11/2020	7.51	64.86	18.35	103.83	88.89	0.72	54.18	59.57	2.15	400.51
03/11/2020	7.84	65.14	18.77	104.75	87.24	0.73	54.00	60.66	2.32	423.90
04/11/2020	7.84	63.95	18.69	106.19	79.78	0.71	54.00	60.14	2.23	420.98
05/11/2020	7.98	64.86	19.32	120.26	86.90	0.75	58.00	63.18	2.48	438.09
06/11/2020	8.08	65.99	19.43	122.53	88.27	0.74	57.73	63.67	2.39	429.95
09/11/2020	8.71	65.87	19.59	117.08	86.11	0.81	55.49	64.01	2.52	421.26
10/11/2020	8.97	65.47	19.66	109.39	80.75	0.76	53.59	63.91	2.43	410.36
11/11/2020	8.88	66.21	20.05	120.43	84.20	1.25	54.00	65.09	2.69	417.13
12/11/2020	8.75	65.03	19.90	117.21	81.40	1.24	53.38	64.18	2.56	411.76
13/11/2020	9.24	65.05	19.89	116.59	79.95	1.03	55.40	65.30	2.85	408.50
16/11/2020	9.56	64.90	19.89	119.93	80.21	0.96	55.53	66.18	3.75	408.09
17/11/2020	9.67	64.77	19.88	125.12	81.48	0.95	58.49	66.41	4.12	441.61
18/11/2020	9.72	64.27	19.75	124.92	81.99	1.00	56.73	65.65	5.10	486.64
19/11/2020	9.65	64.10	19.98	128.89	84.06	1.11	59.50	66.57	5.36	499.27
20/11/2020	9.75	63.85	20.24	129.59	84.69	1.27	61.44	66.82	5.54	489.61
23/11/2020	10.06	62.95	20.34	134.43	86.92	2.82	63.79	67.41	8.55	521.85
24/11/2020	10.44	63.30	20.38	136.02	90.41	6.04	66.34	68.05	7.67	555.38
25/11/2020	10.49	64.27	20.58	139.07	92.45	5.40	67.97	68.26	8.84	574.00
27/11/2020	10.39	64.55	20.89	140.56	94.70	5.13	66.75	69.02	9.69	585.76
30/11/2020	10.17	63.47	20.80	136.57	93.43	4.40	64.08	68.67	10.20	567.60
01/12/2020	10.14	64.00	21.00	128.85	91.06	3.67	62.49	68.85	9.05	584.76
02/12/2020	10.42	62.80	20.81	127.93	90.49	3.91	60.99	68.80	7.24	568.82
03/12/2020	10.59	63.00	20.83	127.67	88.92	4.15	58.24	68.26	7.38	593.38
04/12/2020	10.87	62.72	20.82	130.46	89.26	4.32	57.71	69.20	7.95	599.04
07/12/2020	10.85	62.05	20.84	129.32	88.75	4.13	58.63	69.23	7.83	641.76
08/12/2020	10.95	64.50	20.92	134.74	89.89	4.18	61.31	70.38	8.78	649.88
09/12/2020	11.38	62.22	20.83	127.26	86.22	4.12	57.12	69.40	8.15	604.48
10/12/2020	11.31	63.37	20.81	131.21	86.54	3.95	57.58	69.37	8.25	627.07
11/12/2020	11.15	63.37	20.88	139.91	86.37	3.83	58.28	69.73	7.88	609.99
14/12/2020	10.82	62.90	21.02	145.07	86.59	3.57	57.10	70.38	7.70	639.83
15/12/2020	11.10	64.65	21.33	160.46	91.26	4.15	63.17	71.99	8.14	633.25
16/12/2020	10.92	63.97	21.36	163.31	91.77	3.98	61.80	72.07	8.45	622.77
17/12/2020	10.87	64.03	21.61	163.52	92.32	4.03	62.31	72.42	8.66	655.90